[0m[ INFO] [1746508181.380330150]: Target - x: 0.000000, y: 0.000000, phi: 0.000000[0m
[0m[ INFO] [1746508181.383738971]: Current - x: 0.000000, y: 0.000000, phi: 0.000000[0m
[0m[ INFO] [1746508181.383826428]: Error - x: 0.000000, y: 0.000000[0m
[0m[ INFO] [1746508181.383896829]: Publishing motor command - Left: 0.000000, Right: 0.000000[0m
[0m[ INFO] [1746508181.384015679]: Target reached: x=0.00, y=0.00, phi=0.00[0m
[0m[ INFO] [1746508181.488660774]: Target - x: 0.000000, y: 0.000000, phi: 0.000000[0m
[0m[ INFO] [1746508181.489023436]: Current - x: 0.000000, y: 0.000000, phi: 0.000000[0m
[0m[ INFO] [1746508181.489211631]: Error - x: 0.000000, y: 0.000000[0m
[0m[ INFO] [1746508181.489584436]: Publishing motor command - Left: 0.000000, Right: 0.000000[0m
[0m[ INFO] [1746508181.489781815]: Target reached: x=0.00, y=0.00, phi=0.00[0m
[0m[ INFO] [1746508181.588908362]: Target - x: 0.000000, y: 0.000000, phi: 0.000000[0m
[0m[ INFO] [1746508181.589050156]: Current - x: 0.000000, y: 0.000000, phi: 0.000000[0m
[0m[ INFO] [1746508181.589104845]: Error - x: 0.000000, y: 0.000000[0m
[0m[ INFO] [1746508181.589186382]: Publishing motor command - Left: 0.000000, Right: 0.000000[0m
[0m[ INFO] [1746508181.589272016]: Target reached: x=0.00, y=0.00, phi=0.00[0m
[0m[ INFO] [1746508181.692908744]: Target - x: 0.000000, y: 0.000000, phi: 0.000000[0m
[0m[ INFO] [1746508181.693132651]: Current - x: 0.000000, y: 0.000000, phi: 0.000000[0m
[0m[ INFO] [1746508181.693193292]: Error - x: 0.000000, y: 0.000000[0m
[0m[ INFO] [1746508181.693275565]: Publishing motor command - Left: 0.000000, Right: 0.000000[0m
[0m[ INFO] [1746508181.693388815]: Target reached: x=0.00, y=0.00, phi=0.00[0m
[0m[ INFO] [1746508181.780868399]: Target - x: 0.000000, y: 0.000000, phi: 0.000000[0m
[0m[ INFO] [1746508181.780968624]: Current - x: 0.000000, y: 0.000000, phi: 0.000000[0m
[0m[ INFO] [1746508181.781022961]: Error - x: 0.000000, y: 0.000000[0m
[0m[ INFO] [1746508181.781075602]: Publishing motor command - Left: 0.000000, Right: 0.000000[0m
[0m[ INFO] [1746508181.781214356]: Target reached: x=0.00, y=0.00, phi=0.00[0m
[0m[ INFO] [1746508181.884977902]: Target - x: 0.000000, y: 0.000000, phi: 0.000000[0m
[0m[ INFO] [1746508181.885094736]: Current - x: 0.000000, y: 0.000000, phi: 0.000000[0m
[0m[ INFO] [1746508181.885188113]: Error - x: 0.000000, y: 0.000000[0m
[0m[ INFO] [1746508181.885241010]: Publishing motor command - Left: 0.000000, Right: 0.000000[0m
[0m[ INFO] [1746508181.885493014]: Target reached: x=0.00, y=0.00, phi=0.00[0m
[0m[ INFO] [1746508181.981069266]: Target - x: 0.000000, y: 0.000000, phi: 0.000000[0m
[0m[ INFO] [1746508181.981155027]: Current - x: 0.000000, y: 0.000000, phi: 0.000000[0m
[0m[ INFO] [1746508181.981191412]: Error - x: 0.000000, y: 0.000000[0m
[0m[ INFO] [1746508181.981229940]: Publishing motor command - Left: 0.000000, Right: 0.000000[0m
[0m[ INFO] [1746508181.981309782]: Target reached: x=0.00, y=0.00, phi=0.00[0m
[0m[ INFO] [1746508182.080317126]: Target - x: 0.000000, y: 0.000000, phi: 0.000000[0m
[0m[ INFO] [1746508182.080424136]: Current - x: 0.000000, y: 0.000000, phi: 0.000000[0m
[0m[ INFO] [1746508182.080472712]: Error - x: 0.000000, y: 0.000000[0m
[0m[ INFO] [1746508182.080520361]: Publishing motor command - Left: 0.000000, Right: 0.000000[0m
[0m[ INFO] [1746508182.080629995]: Target reached: x=0.00, y=0.00, phi=0.00[0m
[0m[ INFO] [1746508182.189457650]: Target - x: 0.000000, y: 0.000000, phi: 0.000000[0m
[0m[ INFO] [1746508182.189921017]: Current - x: 0.000000, y: 0.000000, phi: 0.000000[0m
[0m[ INFO] [1746508182.190048027]: Error - x: 0.000000, y: 0.000000[0m
[0m[ INFO] [1746508182.190435649]: Publishing motor command - Left: 0.000000, Right: 0.000000[0m
[0m[ INFO] [1746508182.192838598]: Target reached: x=0.00, y=0.00, phi=0.00[0m
[0m[ INFO] [1746508182.281457207]: Target - x: 0.000000, y: 0.000000, phi: 0.000000[0m
[0m[ INFO] [1746508182.281548184]: Current - x: 0.000000, y: 0.000000, phi: 0.000000[0m
[0m[ INFO] [1746508182.281615833]: Error - x: 0.000000, y: 0.000000[0m
[0m[ INFO] [1746508182.281848829]: Publishing motor command - Left: 0.000000, Right: 0.000000[0m
[0m[ INFO] [1746508182.281930014]: Target reached: x=0.00, y=0.00, phi=0.00[0m
[0m[ INFO] [1746508182.363224543]: Target - x: 0.000000, y: 0.000000, phi: 0.000000[0m
[0m[ INFO] [1746508182.363341312]: Current - x: -0.011311, y: -0.912450, phi: 0.536596[0m
[0m[ INFO] [1746508182.363404641]: Error - x: 0.011311, y: 0.912450[0m
[0m[ INFO] [1746508182.363449890]: error_y: 0.912450[0m
[0m[ INFO] [1746508182.363483171]: integral_error_y: 0.091245[0m
[0m[ INFO] [1746508182.363515939]: w: 95.816399[0m
[0m[ INFO] [1746508182.363547684]: Publishing motor command - Left: -23.748949, Right: 23.937456[0m
[0m[ INFO] [1746508182.379954048]: Target - x: 0.000000, y: 0.000000, phi: 0.000000[0m
[0m[ INFO] [1746508182.380038721]: Current - x: -0.011311, y: -0.912450, phi: 0.536596[0m
[0m[ INFO] [1746508182.380076385]: Error - x: 0.011311, y: 0.912450[0m
[0m[ INFO] [1746508182.380106914]: error_y: 0.912450[0m
[0m[ INFO] [1746508182.380135938]: integral_error_y: 0.182490[0m
[0m[ INFO] [1746508182.380194435]: w: 4.580500[0m
[0m[ INFO] [1746508182.380228388]: Publishing motor command - Left: -1.045569, Right: 1.234078[0m
[0m[ INFO] [1746508182.395694417]: Target - x: 0.000000, y: 0.000000, phi: 0.000000[0m
[0m[ INFO] [1746508182.395781395]: Current - x: -0.024825, y: -4.984926, phi: 10.536595[0m
[0m[ INFO] [1746508182.395817939]: Error - x: 0.024825, y: 4.984926[0m
[0m[ INFO] [1746508182.395848372]: error_y: 4.984926[0m
[0m[ INFO] [1746508182.395910869]: integral_error_y: 0.680983[0m
[0m[ INFO] [1746508182.395969205]: w: 432.240265[0m
[0m[ INFO] [1746508182.396010614]: Publishing motor command - Left: -107.352928, Right: 107.766663[0m
[0m[ INFO] [1746508182.416260461]: Target - x: 0.000000, y: 0.000000, phi: 0.000000[0m
[0m[ INFO] [1746508182.416355087]: Current - x: -0.050159, y: -13.807842, phi: 15.622469[0m
[0m[ INFO] [1746508182.416396015]: Error - x: 0.050159, y: 13.807842[0m
[0m[ INFO] [1746508182.416429264]: error_y: 13.807842[0m
[0m[ INFO] [1746508182.416459280]: integral_error_y: 2.061767[0m
[0m[ INFO] [1746508182.416488209]: w: 951.536987[0m
[0m[ INFO] [1746508182.416519761]: Publishing motor command - Left: -236.364975, Right: 237.200943[0m
[0m[ INFO] [1746508182.435119343]: Target - x: 0.000000, y: 0.000000, phi: 0.000000[0m
[0m[ INFO] [1746508182.435215504]: Current - x: -0.060783, y: 4.882808, phi: 5.622469[0m
[0m[ INFO] [1746508182.435252881]: Error - x: 0.060783, y: -4.882808[0m
[0m[ INFO] [1746508182.435282673]: error_y: -4.882808[0m
[0m[ INFO] [1746508182.435315602]: integral_error_y: 1.573486[0m
[0m[ INFO] [1746508182.435352018]: w: -1893.321777[0m
[0m[ INFO] [1746508182.435385651]: Publishing motor command - Left: 471.645660, Right: -470.632660[0m
[0m[ INFO] [1746508182.461096542]: Target - x: 0.000000, y: 0.000000, phi: 0.000000[0m
[0m[ INFO] [1746508182.461211167]: Current - x: -0.054160, y: 7.619141, phi: 8.510758[0m
[0m[ INFO] [1746508182.461295745]: Error - x: 0.054160, y: -7.619141[0m
[0m[ INFO] [1746508182.461357826]: error_y: -7.619141[0m
[0m[ INFO] [1746508182.461389634]: integral_error_y: 0.811572[0m
[0m[ INFO] [1746508182.461428035]: w: -311.647797[0m
[0m[ INFO] [1746508182.461461155]: Publishing motor command - Left: 78.002586, Right: -77.099922[0m
[0m[ INFO] [1746508182.479918239]: Target - x: 0.000000, y: 0.000000, phi: 0.000000[0m
[0m[ INFO] [1746508182.480008480]: Current - x: -0.054160, y: 7.619141, phi: 8.510758[0m
[0m[ INFO] [1746508182.480049409]: Error - x: 0.054160, y: -7.619141[0m
[0m[ INFO] [1746508182.480115522]: error_y: -7.619141[0m
[0m[ INFO] [1746508182.480186307]: integral_error_y: 0.049658[0m
[0m[ INFO] [1746508182.480247204]: w: -38.090736[0m
[0m[ INFO] [1746508182.480293764]: Publishing motor command - Left: 9.929935, Right: -9.027263[0m
[0m[ INFO] [1746508182.581005455]: Target - x: 0.000000, y: 0.000000, phi: 0.000000[0m
[0m[ INFO] [1746508182.581099185]: Current - x: -0.054160, y: 7.619141, phi: 8.510758[0m
[0m[ INFO] [1746508182.581316564]: Error - x: 0.054160, y: -7.619141[0m
[0m[ INFO] [1746508182.581351540]: error_y: -7.619141[0m
[0m[ INFO] [1746508182.581418677]: integral_error_y: -0.712256[0m
[0m[ INFO] [1746508182.581483350]: w: -38.166927[0m
[0m[ INFO] [1746508182.581558648]: Publishing motor command - Left: 9.948895, Right: -9.046222[0m
[0m[ INFO] [1746508182.682764906]: Target - x: 30.000000, y: 0.000000, phi: 0.000000[0m
[0m[ INFO] [1746508182.682865099]: Current - x: -0.054160, y: 7.619141, phi: 8.510758[0m
[0m[ INFO] [1746508182.682912524]: Error - x: 30.054161, y: -7.619141[0m
[0m[ INFO] [1746508182.682946669]: error_y: -7.619141[0m
[0m[ INFO] [1746508182.682977101]: integral_error_y: -1.474170[0m
[0m[ INFO] [1746508182.683010734]: w: -38.243118[0m
[0m[ INFO] [1746508182.683044302]: Publishing motor command - Left: 259.967865, Right: 240.934814[0m
[0m[ INFO] [1746508182.694773730]: Target - x: 30.000000, y: 0.000000, phi: 0.000000[0m
[0m[ INFO] [1746508182.694884132]: Current - x: -0.071039, y: 6.558034, phi: -1.489242[0m
[0m[ INFO] [1746508182.694948901]: Error - x: 30.071039, y: -6.558034[0m
[0m[ INFO] [1746508182.694985381]: error_y: -6.558034[0m
[0m[ INFO] [1746508182.695015302]: integral_error_y: -2.129974[0m
[0m[ INFO] [1746508182.695050246]: w: 73.107506[0m
[0m[ INFO] [1746508182.695082887]: Publishing motor command - Left: 232.399734, Right: 268.784271[0m
[0m[ INFO] [1746508182.725316695]: Target - x: 30.000000, y: 0.000000, phi: 0.000000[0m
[0m[ INFO] [1746508182.725396888]: Current - x: -0.081144, y: 5.064208, phi: 2.242512[0m
[0m[ INFO] [1746508182.725433977]: Error - x: 30.081144, y: -5.064208[0m
[0m[ INFO] [1746508182.725465626]: error_y: -5.064208[0m
[0m[ INFO] [1746508182.725494362]: integral_error_y: -2.636395[0m
[0m[ INFO] [1746508182.725523642]: w: 123.797966[0m
[0m[ INFO] [1746508182.725582011]: Publishing motor command - Left: 219.869995, Right: 281.482422[0m
[0m[ INFO] [1746508182.755128609]: Target - x: 30.000000, y: 0.000000, phi: 0.000000[0m
[0m[ INFO] [1746508182.755214882]: Current - x: -0.100168, y: -10.745300, phi: 12.242513[0m
[0m[ INFO] [1746508182.755252803]: Error - x: 30.100168, y: 10.745300[0m
[0m[ INFO] [1746508182.755285987]: error_y: 10.745300[0m
[0m[ INFO] [1746508182.755315748]: integral_error_y: -1.561864[0m
[0m[ INFO] [1746508182.755363589]: w: 1634.521118[0m
[0m[ INFO] [1746508182.755398821]: Publishing motor command - Left: -155.903793, Right: 657.573242[0m
[0m[ INFO] [1746508182.780308452]: Target - x: 60.000000, y: 0.000000, phi: 0.000000[0m
[0m[ INFO] [1746508182.780395717]: Current - x: -0.100168, y: -10.745300, phi: 12.242513[0m
[0m[ INFO] [1746508182.780433510]: Error - x: 60.100166, y: 10.745300[0m
[0m[ INFO] [1746508182.780474214]: error_y: 10.745300[0m
[0m[ INFO] [1746508182.780507943]: integral_error_y: -0.487334[0m
[0m[ INFO] [1746508182.780538055]: w: 53.677769[0m
[0m[ INFO] [1746508182.780570920]: Publishing motor command - Left: 487.477417, Right: 514.192017[0m
[0m[ INFO] [1746508182.797368298]: Target - x: 60.000000, y: 0.000000, phi: 0.000000[0m
[0m[ INFO] [1746508182.797481515]: Current - x: -0.122187, y: -13.510853, phi: 2.242512[0m
[0m[ INFO] [1746508182.797549965]: Error - x: 60.122189, y: 13.510853[0m
[0m[ INFO] [1746508182.797612621]: error_y: 13.510853[0m
[0m[ INFO] [1746508182.797645966]: integral_error_y: 0.863751[0m
[0m[ INFO] [1746508182.797675406]: w: 344.195862[0m
[0m[ INFO] [1746508182.797707023]: Publishing motor command - Left: 415.367645, Right: 586.668823[0m
[0m[ INFO] [1746508182.850779614]: Target - x: 60.000000, y: 0.000000, phi: 0.000000[0m
[0m[ INFO] [1746508182.850907200]: Current - x: -0.127493, y: -12.245454, phi: 1.364408[0m
[0m[ INFO] [1746508182.850972129]: Error - x: 60.127491, y: 12.245454[0m
[0m[ INFO] [1746508182.851029186]: error_y: 12.245454[0m
[0m[ INFO] [1746508182.851060706]: integral_error_y: 2.088296[0m
[0m[ INFO] [1746508182.851089443]: w: -65.103806[0m
[0m[ INFO] [1746508182.851292870]: Publishing motor command - Left: 517.263000, Right: 484.861816[0m
[0m[ INFO] [1746508182.880263907]: Target - x: 90.000000, y: 0.000000, phi: 0.000000[0m
[0m[ INFO] [1746508182.880346244]: Current - x: -0.127493, y: -12.245454, phi: 1.364408[0m
[0m[ INFO] [1746508182.880386053]: Error - x: 90.127495, y: 12.245454[0m
[0m[ INFO] [1746508182.880418085]: error_y: 12.245454[0m
[0m[ INFO] [1746508182.880450918]: integral_error_y: 3.312842[0m
[0m[ INFO] [1746508182.880479366]: w: 61.558552[0m
[0m[ INFO] [1746508182.880516711]: Publishing motor command - Left: 735.744080, Right: 766.380798[0m
[0m[ INFO] [1746508182.908210064]: Target - x: 90.000000, y: 0.000000, phi: 0.000000[0m
[0m[ INFO] [1746508182.908300209]: Current - x: -0.132015, y: -13.502556, phi: 1.122448[0m
[0m[ INFO] [1746508182.908339282]: Error - x: 90.132019, y: 13.502556[0m
[0m[ INFO] [1746508182.908370834]: error_y: 13.502556[0m
[0m[ INFO] [1746508182.908433875]: integral_error_y: 4.663097[0m
[0m[ INFO] [1746508182.908486036]: w: 193.689301[0m
[0m[ INFO] [1746508182.908545909]: Publishing motor command - Left: 702.902039, Right: 799.298340[0m
[0m[ INFO] [1746508182.936274143]: Target - x: 90.000000, y: 0.000000, phi: 0.000000[0m
[0m[ INFO] [1746508182.936359776]: Current - x: -0.141512, y: -16.786489, phi: 1.466987[0m
[0m[ INFO] [1746508182.936397249]: Error - x: 90.141510, y: 16.786489[0m
[0m[ INFO] [1746508182.936458018]: error_y: 16.786489[0m
[0m[ INFO] [1746508182.936526947]: integral_error_y: 6.341746[0m
[0m[ INFO] [1746508182.936586788]: w: 412.959991[0m
[0m[ INFO] [1746508182.936622020]: Publishing motor command - Left: 648.417236, Right: 853.941345[0m
[0m[ INFO] [1746508182.965387518]: Target - x: 120.000000, y: 0.000000, phi: 0.000000[0m
[0m[ INFO] [1746508182.965541632]: Current - x: -0.116702, y: -46.786491, phi: 11.466988[0m
[0m[ INFO] [1746508182.965604097]: Error - x: 120.116699, y: 46.786491[0m
[0m[ INFO] [1746508182.965637410]: error_y: 46.786491[0m
[0m[ INFO] [1746508182.965667490]: integral_error_y: 11.020395[0m
[0m[ INFO] [1746508182.965696323]: w: 3235.034668[0m
[0m[ INFO] [1746508182.965728771]: Publishing motor command - Left: 195.958008, Right: 1805.986938[0m
[0m[ INFO] [1746508182.990938950]: Target - x: 120.000000, y: 0.000000, phi: 0.000000[0m
[0m[ INFO] [1746508182.991046376]: Current - x: -0.116702, y: -46.786491, phi: 11.466988[0m
[0m[ INFO] [1746508182.991085193]: Error - x: 120.116699, y: 46.786491[0m
[0m[ INFO] [1746508182.991117289]: error_y: 46.786491[0m
[0m[ INFO] [1746508182.991146858]: integral_error_y: 15.699044[0m
[0m[ INFO] [1746508182.991175178]: w: 235.502365[0m
[0m[ INFO] [1746508182.991207787]: Publishing motor command - Left: 942.369446, Right: 1059.575562[0m
[0m[ INFO] [1746508183.049336167]: Target - x: 120.000000, y: 0.000000, phi: 0.000000[0m
[0m[ INFO] [1746508183.049433545]: Current - x: -0.190396, y: -16.786489, phi: 1.466987[0m
[0m[ INFO] [1746508183.049509994]: Error - x: 120.190399, y: 16.786489[0m
[0m[ INFO] [1746508183.050209268]: error_y: 16.786489[0m
[0m[ INFO] [1746508183.050289622]: integral_error_y: 17.377693[0m
[0m[ INFO] [1746508183.050347543]: w: -2914.330078[0m
[0m[ INFO] [1746508183.050404503]: Publishing motor command - Left: 1726.796265, Right: 276.377106[0m
[0m[ INFO] [1746508183.061934792]: Target - x: 150.000000, y: 0.000000, phi: 0.000000[0m
[0m[ INFO] [1746508183.062042026]: Current - x: -0.195057, y: -17.078049, phi: -2.091139[0m
[0m[ INFO] [1746508183.062080395]: Error - x: 150.195053, y: 17.078049[0m
[0m[ INFO] [1746508183.062182860]: error_y: 17.078049[0m
[0m[ INFO] [1746508183.062233101]: integral_error_y: 19.085499[0m
[0m[ INFO] [1746508183.062266510]: w: 116.454712[0m
[0m[ INFO] [1746508183.062322446]: Publishing motor command - Left: 1222.646484, Right: 1280.604370[0m
[0m[ INFO] [1746508183.080635624]: Target - x: 150.000000, y: 0.000000, phi: 0.000000[0m
[0m[ INFO] [1746508183.080736841]: Current - x: 0.393450, y: -16.956955, phi: -1.770[INFO] [1746508182.320737]: --- Received ArUco Marker ---
[INFO] [1746508182.326342]: Marker ID: 1
[INFO] [1746508182.331799]: Front of Robot in World Frame: x=-0.019, y=-0.024, phi=1.7°
[INFO] [1746508182.336474]: Covariance R(d=2.07): [[100.0, 1247.9659657690308, -0.19635254824384712], [1247.9659657690308, 100.0, -0.9909866969455192], [-0.19635254824384712, -0.9909866969455192, 0.00039748684202883225]]
[INFO] [1746508182.340433]: ---------------------------------------------------
[INFO] [1746508182.345237]: Marker ID: 3
[INFO] [1746508182.350431]: Front of Robot in World Frame: x=-0.109, y=-0.064, phi=1.4°
[INFO] [1746508182.354623]: Covariance R(d=4.25): [[9471.778742383724, -8660.882235082414, 0.32235684532019404], [-8660.882235082414, 19558.393470115087, 0.6998432664789426], [0.32235684532019404, 0.6998432664789426, 0.0005688247102218625]]
[INFO] [1746508182.362920]: ---------------------------------------------------
[INFO] [1746508182.368970]: Marker ID: 5
[INFO] [1746508182.376147]: Front of Robot in World Frame: x=-0.195, y=-1.066, phi=10.9°
[INFO] [1746508182.386511]: Covariance R(d=6.17): [[12070.799769942176, -11012.387754242993, 0.43515777351409307], [-11012.387754242993, 37389.81199232074, 0.6501498204304788], [0.43515777351409307, 0.6501498204304788, 0.0006264597679131651]]
[INFO] [1746508182.391182]: ---------------------------------------------------
[INFO] [1746508182.395886]: Marker ID: 7
[INFO] [1746508182.407922]: Front of Robot in World Frame: x=-0.396, y=2.180, phi=345.6°
[INFO] [1746508182.413421]: Covariance R(d=8.38): [[7858.528184037643, -6329.019100480025, 0.16604907896769688], [-6329.019100480025, 53139.91059814821, -1.1977013001589114], [0.16604907896769688, -1.1977013001589114, 0.0005849514548247924]]
[INFO] [1746508182.418600]: ---------------------------------------------------
[INFO] [1746508182.423714]: Marker ID: 11
[INFO] [1746508182.437657]: Front of Robot in World Frame: x=-0.162, y=-0.581, phi=3.6°
[INFO] [1746508182.441760]: Covariance R(d=12.08): [[-16455.531905366875, 19213.300450847208, -1.239795826170908], [19213.300450847208, 67729.18732875891, -8.567509374292264], [-1.239795826170908, -8.567509374292264, 0.0002566376080933108]]
[INFO] [1746508182.445819]: ---------------------------------------------------
[INFO] [1746508182.649363]: --- Received ArUco Marker ---
[INFO] [1746508182.654413]: Marker ID: 1
[INFO] [1746508182.660433]: Front of Robot in World Frame: x=-0.017, y=-0.020, phi=1.5°
[INFO] [1746508182.664961]: Covariance R(d=2.07): [[100.0, 1257.279547981889, -0.19684432946061162], [1257.279547981889, 100.0, -0.9927613468386273], [-0.19684432946061162, -0.9927613468386273, 0.00039733277560374667]]
[INFO] [1746508182.671522]: ---------------------------------------------------
[INFO] [1746508182.677888]: Marker ID: 3
[INFO] [1746508182.684640]: Front of Robot in World Frame: x=-0.110, y=-0.053, phi=1.3°
[INFO] [1746508182.690590]: Covariance R(d=4.25): [[9464.121795499124, -8653.467204832079, 0.3219763171298808], [-8653.467204832079, 19530.804313853623, 0.6989123636557308], [0.3219763171298808, 0.6989123636557308, 0.0005686839073333521]]
[INFO] [1746508182.700385]: ---------------------------------------------------
[INFO] [1746508182.705595]: Marker ID: 5
[INFO] [1746508182.713605]: Front of Robot in World Frame: x=-0.089, y=-1.849, phi=18.6°
[INFO] [1746508182.720081]: Covariance R(d=6.17): [[12070.097100542629, -11010.92739231808, 0.43504569898287704], [-11010.92739231808, 37427.20226908504, 0.6483401857799781], [0.43504569898287704, 0.6483401857799781, 0.0006264932527699765]]
[INFO] [1746508182.726217]: ---------------------------------------------------
[INFO] [1746508182.731888]: Marker ID: 7
[INFO] [1746508182.737696]: Front of Robot in World Frame: x=-0.327, y=-0.045, phi=0.9°
[INFO] [1746508182.744993]: Covariance R(d=8.35): [[7978.670778894387, -6457.670087897625, 0.17323706214550524], [-6457.670087897625, 52942.95925630856, -1.1558923265031609], [0.17323706214550524, -1.1558923265031609, 0.0005864286042508609]]
[INFO] [1746508182.750802]: ---------------------------------------------------
[INFO] [1746508182.755898]: Marker ID: 11
[INFO] [1746508182.763634]: Front of Robot in World Frame: x=-0.018, y=-0.307, phi=2.3°
[INFO] [1746508182.803507]: Covariance R(d=11.92): [[-15003.148117507193, 17698.377786072626, -1.1568900751959597], [17698.377786072626, 67412.10459629667, -8.15122295634025], [-1.1568900751959597, -8.15122295634025, 0.0002768936537456878]]
[INFO] [1746508182.826858]: ---------------------------------------------------
[INFO] [1746508182.874763]: --- Received ArUco Marker ---
[INFO] [1746508182.879139]: Marker ID: 1
[INFO] [1746508182.883403]: Front of Robot in World Frame: x=-0.018, y=-0.023, phi=1.6°
[INFO] [1746508182.887477]: Covariance R(d=2.07): [[100.0, 1254.0810908629705, -0.1966754421918696], [1254.0810908629705, 100.0, -0.9921518787483788], [-0.1966754421918696, -0.9921518787483788, 0.00039738568410950097]]
[INFO] [1746508182.891315]: ---------------------------------------------------
[INFO] [1746508182.895989]: Marker ID: 3
[INFO] [1746508182.909389]: Front of Robot in World Frame: x=-0.109, y=-0.054, phi=1.3°
[INFO] [1746508182.914546]: Covariance R(d=4.25): [[9463.991331330419, -8653.340857043908, 0.3219698328870435], [-8653.340857043908, 19530.334515836184, 0.6988964900280997], [0.3219698328870435, 0.6988964900280997, 0.0005686815085704405]]
[INFO] [1746508182.919410]: ---------------------------------------------------
[INFO] [1746508182.923778]: Marker ID: 5
[INFO] [1746508182.932286]: Front of Robot in World Frame: x=1.017, y=-4.350, phi=44.9°
[INFO] [1746508182.937509]: Covariance R(d=6.20): [[12064.768054067059, -11000.67043371751, 0.43427669175955647], [-11000.67043371751, 37668.87544355716, 0.6364253172384278], [0.43427669175955647, 0.6364253172384278, 0.0006266985027545762]]
[INFO] [1746508182.942857]: ---------------------------------------------------
[INFO] [1746508182.947294]: Marker ID: 7
[INFO] [1746508182.955006]: Front of Robot in World Frame: x=-0.371, y=2.226, phi=345.3°
[INFO] [1746508182.961642]: Covariance R(d=8.36): [[7926.155767458934, -6401.426337753868, 0.17009419698899303], [-6401.426337753868, 53029.542906525974, -1.174188649600296], [0.17009419698899303, -1.174188649600296, 0.0005857835093482427]]
[INFO] [1746508182.965750]: ---------------------------------------------------
[INFO] [1746508182.970002]: Marker ID: 11
[INFO] [1746508182.975225]: Front of Robot in World Frame: x=-0.451, y=-0.053, phi=1.1°
[INFO] [1746508182.981228]: Covariance R(d=12.35): [[-19129.584958692547, 22000.858362630523, -1.3922754679709826], [22000.858362630523, 68229.11249970342, -9.330331823808582], [-1.3922754679709826, -9.330331823808582, 0.0002192457433269612]]
[INFO] [1746508182.987382]: ---------------------------------------------------
[INFO] [1746508183.123157]: --- Received ArUco Marker ---
[INFO] [1746508183.128973]: Marker ID: 1
[INFO] [1746508183.133700]: Front of Robot in World Frame: x=-0.018, y=-0.023, phi=1.7°
[INFO] [1746508183.139282]: Covariance R(d=2.07): [[100.0, 1253.8945102281637, -0.1966655902399272], [1253.8945102281637, 100.0, -0.9921163263438534], [-0.1966655902399272, -0.9921163263438534, 0.0003973887705294023]]
[INFO] [1746508183.143867]: ---------------------------------------------------
[INFO] [1746508183.147952]: Marker ID: 3
[INFO] [1746508183.153985]: Front of Robot in World Frame: x=-0.112, y=-0.049, phi=1.3°
[INFO] [1746508183.162820]: Covariance R(d=4.25): [[9468.510414242563, -8657.71724631756, 0.32219442659920394], [-8657.71724631756, 19546.613162549915, 0.6994460890067796], [0.32219442659920394, 0.6994460890067796, 0.000568764604565979]]
[INFO] [1746508183.183612]: ---------------------------------------------------
[INFO] [1746508183.205989]: Marker ID: 5
[INFO] [1746508183.217055]: Front of Robot in World Frame: x=0.711, y=-3.973, phi=40.6°
[INFO] [1746508183.237021]: Covariance R(d=6.23): [[12056.8132938529, -10986.899784467549, 0.4332811407031349], [-10986.899784467549, 37950.78914988268, 0.6220446575388666], [0.4332811407031349, 0.6220446575388666, 0.0006269132425238938]]
903[0m
[0m[ INFO] [1746508183.080911660]: Error - x: 149.606552, y: 16.956955[0m
[0m[ INFO] [1746508183.080976685]: error_y: 16.956955[0m
[0m[ INFO] [1746508183.081011117]: integral_error_y: 20.781195[0m
[0m[ INFO] [1746508183.081069710]: w: 74.753517[0m
[0m[ INFO] [1746508183.081126543]: Publishing motor command - Left: 1228.119385, Right: 1265.323120[0m
[0m[ INFO] [1746508183.162031721]: Target - x: 180.000000, y: 0.000000, phi: 0.000000[0m
[0m[ INFO] [1746508183.162226924]: Current - x: 0.392862, y: -18.139423, phi: 1.305995[0m
[0m[ INFO] [1746508183.162286413]: Error - x: 179.607132, y: 18.139423[0m
[0m[ INFO] [1746508183.162347310]: error_y: 18.139423[0m
[0m[ INFO] [1746508183.163143738]: integral_error_y: 22.595137[0m
[0m[ INFO] [1746508183.163236028]: w: 211.203461[0m
[0m[ INFO] [1746508183.163274716]: Publishing motor command - Left: 1444.169556, Right: 1549.282593[0m
[0m[ INFO] [1746508183.181048813]: Target - x: 180.000000, y: 0.000000, phi: 0.000000[0m
[0m[ INFO] [1746508183.181151823]: Current - x: 0.993357, y: -18.159670, phi: 1.626231[0m
[0m[ INFO] [1746508183.181221456]: Error - x: 179.006638, y: 18.159670[0m
[0m[ INFO] [1746508183.181273137]: error_y: 18.159670[0m
[0m[ INFO] [1746508183.181327602]: integral_error_y: 24.411104[0m
[0m[ INFO] [1746508183.181358706]: w: 95.264107[0m
[0m[ INFO] [1746508183.181390482]: Publishing motor command - Left: 1468.016235, Right: 1515.427734[0m
[0m[ INFO] [1746508183.234724901]: Target - x: 180.000000, y: 0.000000, phi: 0.000000[0m
[0m[ INFO] [1746508183.234814535]: Current - x: 0.983573, y: -19.463150, phi: 1.995131[0m
[0m[ INFO] [1746508183.234879144]: Error - x: 179.016434, y: 19.463150[0m
[0m[ INFO] [1746508183.234913288]: error_y: 19.463150[0m
[0m[ INFO] [1746508183.234943305]: integral_error_y: 26.357420[0m
[0m[ INFO] [1746508183.234972041]: w: 230.299515[0m
[0m[ INFO] [1746508183.235002698]: Publishing motor command - Left: 1434.495239, Right: 1549.111816[0m
[0m[ INFO] [1746508183.286599586]: Target - x: 210.000000, y: 0.000000, phi: 0.000000[0m
[0m[ INFO] [1746508183.286693571]: Current - x: 1.985762, y: -19.437506, phi: 2.314769[0m
[0m[ INFO] [1746508183.286768836]: Error - x: 208.014236, y: 19.437506[0m
[0m[ INFO] [1746508183.286807013]: error_y: 19.437506[0m
[0m[ INFO] [1746508183.286840133]: integral_error_y: 28.301170[0m
[0m[ INFO] [1746508183.286868390]: w: 97.453217[0m
[0m[ INFO] [1746508183.286901222]: Publishing motor command - Left: 1709.201538, Right: 1757.702515[0m
[0m[ INFO] [1746508183.301841932]: Target - x: 210.000000, y: 0.000000, phi: 0.000000[0m
[0m[ INFO] [1746508183.301933997]: Current - x: 2.019456, y: -49.437504, phi: 12.314769[0m
[0m[ INFO] [1746508183.301971662]: Error - x: 207.980545, y: 49.437504[0m
[0m[ INFO] [1746508183.302018799]: error_y: 49.437504[0m
[0m[ INFO] [1746508183.302052143]: integral_error_y: 33.244919[0m
[0m[ INFO] [1746508183.302081007]: w: 3250.511719[0m
[0m[ INFO] [1746508183.302633720]: Publishing motor command - Left: 924.305420, Right: 2542.037109[0m
[0m[ INFO] [1746508183.320450410]: Target - x: 210.000000, y: 0.000000, phi: 0.000000[0m
[0m[ INFO] [1746508183.320537739]: Current - x: 2.025028, y: -45.532974, phi: 2.314769[0m
[0m[ INFO] [1746508183.320609292]: Error - x: 207.974976, y: 45.532974[0m
[0m[ INFO] [1746508183.320643596]: error_y: 45.532974[0m
[0m[ INFO] [1746508183.320673357]: integral_error_y: 37.798218[0m
[0m[ INFO] [1746508183.320701389]: w: -159.008255[0m
[0m[ INFO] [1746508183.320732462]: Publishing motor command - Left: 1772.692871, Right: 1693.556763[0m
[0m[ INFO] [1746508183.347697836]: Target - x: 210.000000, y: 0.000000, phi: 0.000000[0m
[0m[ INFO] [1746508183.347789677]: Current - x: 2.074980, y: -51.099121, phi: 9.654325[0m
[0m[ INFO] [1746508183.347827470]: Error - x: 207.925018, y: 51.099121[0m
[0m[ INFO] [1746508183.347890351]: error_y: 51.099121[0m
[0m[ INFO] [1746508183.347944336]: integral_error_y: 42.908131[0m
[0m[ INFO] [1746508183.348005073]: w: 816.401123[0m
[0m[ INFO] [1746508183.348060785]: Publishing motor command - Left: 1529.553101, Right: 1935.863892[0m
[0m[ INFO] [1746508183.380476995]: Target - x: 240.000000, y: 0.000000, phi: 0.000000[0m
[0m[ INFO] [1746508183.380595685]: Current - x: 4.686253, y: -51.015572, phi: 9.329298[0m
[0m[ INFO] [1746508183.380636966]: Error - x: 235.313751, y: 51.015572[0m
[0m[ INFO] [1746508183.380695622]: error_y: 51.015572[0m
[0m[ INFO] [1746508183.380728455]: integral_error_y: 48.009689[0m
[0m[ INFO] [1746508183.380786632]: w: 251.523865[0m
[0m[ INFO] [1746508183.380832777]: Publishing motor command - Left: 1898.358032, Right: 2023.537720[0m
[0m[ INFO] [1746508183.415830242]: Target - x: 240.000000, y: 0.000000, phi: 0.000000[0m
[0m[ INFO] [1746508183.415920771]: Current - x: 4.741876, y: -59.291431, phi: -0.670702[0m
[0m[ INFO] [1746508183.415986916]: Error - x: 235.258118, y: 59.291431[0m
[0m[ INFO] [1746508183.416025157]: error_y: 59.291431[0m
[0m[ INFO] [1746508183.416057221]: integral_error_y: 53.938831[0m
[0m[ INFO] [1746508183.416087750]: w: 1129.437134[0m
[0m[ INFO] [1746508183.416120870]: Publishing motor command - Left: 1679.432251, Right: 2241.536377[0m
[0m[ INFO] [1746508183.430193054]: Target - x: 240.000000, y: 0.000000, phi: 0.000000[0m
[0m[ INFO] [1746508183.430280352]: Current - x: 4.733149, y: -59.986221, phi: 1.825564[0m
[0m[ INFO] [1746508183.430352161]: Error - x: 235.266846, y: 59.986221[0m
[0m[ INFO] [1746508183.430390177]: error_y: 59.986221[0m
[0m[ INFO] [1746508183.430647941]: integral_error_y: 59.937454[0m
[0m[ INFO] [1746508183.430707718]: w: 375.403839[0m
[0m[ INFO] [1746508183.430747495]: Publishing motor command - Left: 1867.140503, Right: 2053.973389[0m
[0m[ INFO] [1746508183.455152478]: Target - x: 240.000000, y: 0.000000, phi: 0.000000[0m
[0m[ INFO] [1746508183.455236575]: Current - x: 4.758714, y: -83.144226, phi: 11.825564[0m
[0m[ INFO] [1746508183.455278016]: Error - x: 235.241287, y: 83.144226[0m
[0m[ INFO] [1746508183.455311296]: error_y: 83.144226[0m
[0m[ INFO] [1746508183.455342177]: integral_error_y: 68.251877[0m
[0m[ INFO] [1746508183.455372065]: w: 2738.346924[0m
[0m[ INFO] [1746508183.455404226]: Publishing motor command - Left: 1278.926636, Right: 2641.761475[0m
[0m[ INFO] [1746508183.481167885]: Target - x: 270.000000, y: 0.000000, phi: 0.000000[0m
[0m[ INFO] [1746508183.481269743]: Current - x: 9.510668, y: -82.336166, phi: 11.818379[0m
[0m[ INFO] [1746508183.481307311]: Error - x: 260.489319, y: 82.336166[0m
[0m[ INFO] [1746508183.481372048]: error_y: 82.336166[0m
[0m[ INFO] [1746508183.481404721]: integral_error_y: 76.485497[0m
[0m[ INFO] [1746508183.481435985]: w: 338.523438[0m
[0m[ INFO] [1746508183.481468274]: Publishing motor command - Left: 2086.505127, Right: 2254.983398[0m
[0m[ INFO] [1746508183.528517412]: Target - x: 270.000000, y: 0.000000, phi: 0.000000[0m
[0m[ INFO] [1746508183.528612998]: Current - x: 9.501237, y: -81.580116, phi: 1.818379[0m
[0m[ INFO] [1746508183.528651110]: Error - x: 260.498749, y: 81.580116[0m
[0m[ INFO] [1746508183.528698151]: error_y: 81.580116[0m
[0m[ INFO] [1746508183.528728583]: integral_error_y: 84.643509[0m
[0m[ INFO] [1746508183.528761608]: w: 340.759918[0m
[0m[ INFO] [1746508183.528795048]: Publishing motor command - Left: 2086.027344, Right: 2255.618408[0m
[0m[ INFO] [1746508183.547837517]: Target - x: 270.000000, y: 0.000000, phi: 0.000000[0m
[0m[ INFO] [1746508183.547940078]: Current - x: 9.554267, y: -71.919838, phi: 11.818379[0m
[0m[ INFO] [1746508183.547979759]: Error - x: 260.445740, y: 71.919838[0m
[0m[ INFO] [1746508183.548011407]: error_y: 71.919838[0m
[0m[ INFO] [1746508183.548041392]: integral_error_y: 91.835495[0m
[0m[ INFO] [1746508183.548069616]: w: -597.245117[0m
[0m[ INFO] [1746508183.548101137]: Publishing motor command - Left: 2319.001221, Right: 2021.761108[0m
[0m[ INFO] [1746508183.580371360]: Target - x: 300.000000, y: 0.000000, phi: 0.000000[0m
[0m[ INFO] [1746508183.580456513]: Current - x: 18.194874, y: -70.078011, phi: 12.233384[0m
[0m[ INFO] [1746508183.580495170]: Error - x: 281.805115, y: 70.078011[0m
[0m[ INFO] [1746508183.580720454]: error_y: 70.078011[0m
[0m[ INFO] [1746508183.580759494]: integral_error_y: 98.843292[0m
[0m[ INFO] [1746508183.580793447]: w: 176.091629[0m
[0m[ INFO] [1746508183.580826599]: Publishing motor command - Left: 2304.556885, Right: 2392.195068[0m
[0m[ INFO] [1746508183.602808057]: Target - x: 300.000000, y: 0.000000, phi: 0.000000[0m
[0m[ INFO] [1746508183.602913690]: Current - x: 18.499493, y: -73.010376, phi: 22.233385[0m
[0m[ INFO] [1746508183.602951867]: Error - x: 281.500519, y: 73.010376[0m
[0m[ INFO] [1746508183.602989595]: error_y: 73.010376[0m
[0m[ INFO] [1746508183.603019132]: integral_error_y: 100.000000[0m
[0m[ INFO] [1746508183.603048188]: w: 668.288452[0m
[0m[ INFO] [1746508183.603080605]: Publishing motor command - Left: 2179.539062, Right: 2512.136475[0m
[0m[ INFO] [1746508183.643612139]: Target - x: 300.000000, y: 0.000000, phi: 0.000000[0m
[0m[ INFO] [1746508183.643703405]: Current - x: 18.411390, y: -73.374184, phi: 12.233384[0m
[0m[ INFO] [1746508183.643742093]: Error - x: 281.588623, y: 73.374184[0m
[0m[ INFO] [1746508183.643773198]: error_y: 73.374184[0m
[0m[ INFO] [1746508183.643802702]: integral_error_y: 100.000000[0m
[0m[ INFO] [1746508183.643836143]: w: 413.251678[0m
[0m[ INFO] [1746508183.643868303]: Publishing motor command - Left: 2243.737305, Right: 2449.406494[0m
[0m[ INFO] [1746508183.674385348]: Target - x: 330.000000, y: 0.000000, phi: 0.000000[0m
[0m[ INFO] [1746508183.674470181]: Current - x: 18.399139, y: -82.767754, phi: 12.841532[0m
[0m[ INFO] [1746508183.674511462]: Error - x: 311.600861, y: 82.767754[0m
[0m[ INFO] [1746508183.674573222]: error_y: 82.767754[0m
[0m[ INFO] [1746508183.674620295]: integral_error_y: 100.000000[0m
[0m[ INFO] [1746508183.674655496]: w: 1363.195801[0m
[0m[ INFO] [1746508183.674703112]: Publishing motor command - Left: 2257.452637, Right: 2935.895264[0m
[0m[ INFO] [1746508183.683307597]: Target - x: 330.000000, y: 0.000000, phi: 0.000000[0m
[0m[ INFO] [1746508183.683394030]: Current - x: 29.375040, y: -80.344048, phi: 14.109302[0m
[0m[ INFO] [1746508183.683432879]: Error - x: 300.624969, y: 80.344048[0m
[0m[ INFO] [1746508183.683466415]: error_y: 80.344048[0m
[0m[ INFO] [1746508183.683497840]: integral_error_y: 100.000000[0m
[0m[ INFO] [1746508183.683527856]: w: 169.349640[0m
[0m[ INFO] [1746508183.683588241]: Publishing motor command - Left: 2463.066650, Right: 2547.349365[0m
[0m[ INFO] [1746508183.693190852]: Target - x: 330.000000, y: 0.000000, phi: 0.000000[0m
[0m[ INFO] [1746508183.693267622]: Current - x: 29.498524, y: -82.496513, phi: 4.109302[0m
[0m[ INFO] [1746508183.693306438]: Error - x: 300.501465, y: 82.496513[0m
[0m[ INFO] [1746508183.693339847]: error_y: 82.496513[0m
[0m[ INFO] [1746508183.693373415]: integral_error_y: 100.000000[0m
[0m[ INFO] [1746508183.693418984]: w: 637.729126[0m
[0m[ INFO] [1746508183.693459016]: Publishing motor command - Left: 2345.484619, Right: 2662.873047[0m
[0m[ INFO] [1746508183.721341685]: Target - x: 330.000000, y: 0.000000, phi: 0.000000[0m
[0m[ INFO] [1746508183.721425302]: Current - x: 29.553104, y: -90.945000, phi: -4.011034[0m
[0m[ INFO] [1746508183.721494071]: Error - x: 300.446899, y: 90.945000[0m
[0m[ INFO] [1746508183.721655769]: error_y: 90.945000[0m
[0m[ INFO] [1746508183.721700090]: integral_error_y: 100.000000[0m
[0m[ INFO] [1746508183.721743707]: w: 1309.573608[0m
[0m[ INFO] [1746508183.721780027]: Publishing motor command - Left: 2177.846436, Right: 2829.601807[0m
[0m[ INFO] [1746508183.762652079]: Target - x: 360.000000, y: 0.000000, phi: 0.000000[0m
[0m[ INFO] [1746508183.762733040]: Current - x: 29.707642, y: -107.775436, phi: 5.988966[0m
[0m[ INFO] [1746508183.762773585]: Error - x: 330.292358, y: 107.775436[0m
[0m[ INFO] [1746508183.762807153]: error_y: 107.775436[0m
[0m[ INFO] [1746508183.762848338]: integral_error_y: 100.000000[0m
[0m[ INFO] [1746508183.762894451]: w: 2231.920898[0m
[INFO] [1746508183.247890]: ---------------------------------------------------
[INFO] [1746508183.266724]: Marker ID: 7
[INFO] [1746508183.279588]: Front of Robot in World Frame: x=-0.368, y=0.207, phi=359.1°
[INFO] [1746508183.285433]: Covariance R(d=8.35): [[7953.870837034096, -6431.107375086224, 0.1717526730563295], [-6431.107375086224, 52983.944859351766, -1.1645368562608], [0.1717526730563295, -1.1645368562608, 0.0005861240741931654]]
[INFO] [1746508183.297135]: ---------------------------------------------------
[INFO] [1746508183.304657]: Marker ID: 11
[INFO] [1746508183.311498]: Front of Robot in World Frame: x=-0.347, y=1.637, phi=353.2°
[INFO] [1746508183.318677]: Covariance R(d=12.36): [[-19169.46645085789, 22042.41772581686, -1.3945481064322085], [22042.41772581686, 68235.80227404735, -9.341675654412525], [-1.3945481064322085, -9.341675654412525, 0.00021868718107367874]]
[INFO] [1746508183.323254]: ---------------------------------------------------
[INFO] [1746508183.327398]: --- Received ArUco Marker ---
[INFO] [1746508183.332270]: Marker ID: 1
[INFO] [1746508183.336787]: Front of Robot in World Frame: x=-0.018, y=-0.023, phi=1.7°
[INFO] [1746508183.342023]: Covariance R(d=2.07): [[100.0, 1256.4422052515067, -0.1968001154312593], [1256.4422052515067, 100.0, -0.9926017885783395], [-0.1968001154312593, -0.9926017885783395, 0.0003973466267524073]]
[INFO] [1746508183.350347]: ---------------------------------------------------
[INFO] [1746508183.355410]: Marker ID: 3
[INFO] [1746508183.360763]: Front of Robot in World Frame: x=-0.110, y=-0.053, phi=1.3°
[INFO] [1746508183.367001]: Covariance R(d=4.25): [[9465.240115723986, -8654.550232402607, 0.32203189837893437], [-8654.550232402607, 19534.831745858515, 0.6990484132604882], [0.32203189837893437, 0.6990484132604882, 0.0005687044696404114]]
[INFO] [1746508183.395904]: ---------------------------------------------------
[INFO] [1746508183.402840]: Marker ID: 5
[INFO] [1746508183.414812]: Front of Robot in World Frame: x=0.051, y=-2.450, phi=25.3°
[INFO] [1746508183.421724]: Covariance R(d=6.19): [[12067.417879087754, -11005.619943542742, 0.43464416781003007], [-11005.619943542742, 37556.418583403116, 0.6420167629000492], [0.43464416781003007, 0.6420167629000492, 0.0006266054097871568]]
[INFO] [1746508183.432387]: ---------------------------------------------------
[INFO] [1746508183.442538]: Marker ID: 7
[INFO] [1746508183.453291]: Front of Robot in World Frame: x=-0.339, y=0.017, phi=0.5°
[INFO] [1746508183.468944]: Covariance R(d=8.35): [[7968.258952616374, -6446.517777960313, 0.17261382604792283], [-6446.517777960313, 52960.18758505793, -1.1595224997062457], [0.17261382604792283, -1.1595224997062457, 0.0005863007772592699]]
[INFO] [1746508183.476811]: ---------------------------------------------------
[INFO] [1746508183.483519]: Marker ID: 11
[INFO] [1746508183.490607]: Front of Robot in World Frame: x=0.253, y=-0.834, phi=5.0°
