[0m[ INFO] [1746509022.779096293]: Target - x: 0.000000, y: 0.000000, phi: 0.000000[0m
[0m[ INFO] [1746509022.782984603]: Current - x: 0.000000, y: 0.000000, phi: 0.000000[0m
[0m[ INFO] [1746509022.783072957]: Error - x: 0.000000, y: 0.000000[0m
[0m[ INFO] [1746509022.783115229]: Publishing motor command - Left: 0.000000, Right: 0.000000[0m
[0m[ INFO] [1746509022.783217247]: Target reached: x=0.00, y=0.00, phi=0.00[0m
[0m[ INFO] [1746509022.888339792]: Target - x: 0.000000, y: 0.000000, phi: 0.000000[0m
[0m[ INFO] [1746509022.888442993]: Current - x: 0.000000, y: 0.000000, phi: 0.000000[0m
[0m[ INFO] [1746509022.888486706]: Error - x: 0.000000, y: 0.000000[0m
[0m[ INFO] [1746509022.888557363]: Publishing motor command - Left: 0.000000, Right: 0.000000[0m
[0m[ INFO] [1746509022.888673140]: Target reached: x=0.00, y=0.00, phi=0.00[0m
[0m[ INFO] [1746509022.989518154]: Target - x: 0.000000, y: 0.000000, phi: 0.000000[0m
[0m[ INFO] [1746509022.989637548]: Current - x: 0.000000, y: 0.000000, phi: 0.000000[0m
[0m[ INFO] [1746509022.989741581]: Error - x: 0.000000, y: 0.000000[0m
[0m[ INFO] [1746509022.989886543]: Publishing motor command - Left: 0.000000, Right: 0.000000[0m
[0m[ INFO] [1746509022.989984529]: Target reached: x=0.00, y=0.00, phi=0.00[0m
[0m[ INFO] [1746509023.087691867]: Target - x: 0.000000, y: 0.000000, phi: 0.000000[0m
[0m[ INFO] [1746509023.088316356]: Current - x: 0.000000, y: 0.000000, phi: 0.000000[0m
[0m[ INFO] [1746509023.088576039]: Error - x: 0.000000, y: 0.000000[0m
[0m[ INFO] [1746509023.088690601]: Publishing motor command - Left: 0.000000, Right: 0.000000[0m
[0m[ INFO] [1746509023.088868427]: Target reached: x=0.00, y=0.00, phi=0.00[0m
[0m[ INFO] [1746509023.186658999]: Target - x: 0.000000, y: 0.000000, phi: 0.000000[0m
[0m[ INFO] [1746509023.186999292]: Current - x: 0.000000, y: 0.000000, phi: 0.000000[0m
[0m[ INFO] [1746509023.187186494]: Error - x: 0.000000, y: 0.000000[0m
[0m[ INFO] [1746509023.187303040]: Publishing motor command - Left: 0.000000, Right: 0.000000[0m
[0m[ INFO] [1746509023.188588914]: Target reached: x=0.00, y=0.00, phi=0.00[0m
[0m[ INFO] [1746509023.285344655]: Target - x: 0.000000, y: 0.000000, phi: 0.000000[0m
[0m[ INFO] [1746509023.285520049]: Current - x: 0.000000, y: 0.000000, phi: 0.000000[0m
[0m[ INFO] [1746509023.285596114]: Error - x: 0.000000, y: 0.000000[0m
[0m[ INFO] [1746509023.285661907]: Publishing motor command - Left: 0.000000, Right: 0.000000[0m
[0m[ INFO] [1746509023.285739412]: Target reached: x=0.00, y=0.00, phi=0.00[0m
[0m[ INFO] [1746509023.381235136]: Target - x: 0.000000, y: 0.000000, phi: 0.000000[0m
[0m[ INFO] [1746509023.381694246]: Current - x: 0.000000, y: 0.000000, phi: 0.000000[0m
[0m[ INFO] [1746509023.381943338]: Error - x: 0.000000, y: 0.000000[0m
[0m[ INFO] [1746509023.382014859]: Publishing motor command - Left: 0.000000, Right: 0.000000[0m
[0m[ INFO] [1746509023.382544658]: Target reached: x=0.00, y=0.00, phi=0.00[0m
[0m[ INFO] [1746509023.479636436]: Target - x: 0.000000, y: 0.000000, phi: 0.000000[0m
[0m[ INFO] [1746509023.479738773]: Current - x: 0.000000, y: 0.000000, phi: 0.000000[0m
[0m[ INFO] [1746509023.479814423]: Error - x: 0.000000, y: 0.000000[0m
[0m[ INFO] [1746509023.479874647]: Publishing motor command - Left: 0.000000, Right: 0.000000[0m
[0m[ INFO] [1746509023.479984313]: Target reached: x=0.00, y=0.00, phi=0.00[0m
[0m[ INFO] [1746509023.584032731]: Target - x: 0.000000, y: 0.000000, phi: 0.000000[0m
[0m[ INFO] [1746509023.584142077]: Current - x: 0.000000, y: 0.000000, phi: 0.000000[0m
[0m[ INFO] [1746509023.584199357]: Error - x: 0.000000, y: 0.000000[0m
[0m[ INFO] [1746509023.584246718]: Publishing motor command - Left: 0.000000, Right: 0.000000[0m
[0m[ INFO] [1746509023.584341823]: Target reached: x=0.00, y=0.00, phi=0.00[0m
[0m[ INFO] [1746509023.681403969]: Target - x: 0.000000, y: 0.000000, phi: 0.000000[0m
[0m[ INFO] [1746509023.681527811]: Current - x: 0.000000, y: 0.000000, phi: 0.000000[0m
[0m[ INFO] [1746509023.681586979]: Error - x: 0.000000, y: 0.000000[0m
[0m[ INFO] [1746509023.681887592]: Publishing motor command - Left: 0.000000, Right: 0.000000[0m
[0m[ INFO] [1746509023.682029706]: Target reached: x=0.00, y=0.00, phi=0.00[0m
[0m[ INFO] [1746509023.779388751]: Target - x: 0.000000, y: 0.000000, phi: 0.000000[0m
[0m[ INFO] [1746509023.779517553]: Current - x: 0.000000, y: 0.000000, phi: 0.000000[0m
[0m[ INFO] [1746509023.779597234]: Error - x: 0.000000, y: 0.000000[0m
[0m[ INFO] [1746509023.779656147]: Publishing motor command - Left: 0.000000, Right: 0.000000[0m
[0m[ INFO] [1746509023.779745364]: Target reached: x=0.00, y=0.00, phi=0.00[0m
[0m[ INFO] [1746509023.879841663]: Target - x: 0.000000, y: 0.000000, phi: 0.000000[0m
[0m[ INFO] [1746509023.879978625]: Current - x: 0.000000, y: 0.000000, phi: 0.000000[0m
[0m[ INFO] [1746509023.880061411]: Error - x: 0.000000, y: 0.000000[0m
[0m[ INFO] [1746509023.880157284]: Publishing motor command - Left: 0.000000, Right: 0.000000[0m
[0m[ INFO] [1746509023.880263557]: Target reached: x=0.00, y=0.00, phi=0.00[0m
[0m[ INFO] [1746509023.979457860]: Target - x: 0.000000, y: 0.000000, phi: 0.000000[0m
[0m[ INFO] [1746509023.979607494]: Current - x: 0.000000, y: 0.000000, phi: 0.000000[0m
[0m[ INFO] [1746509023.979669607]: Error - x: 0.000000, y: 0.000000[0m
[0m[ INFO] [1746509023.979707208]: Publishing motor command - Left: 0.000000, Right: 0.000000[0m
[0m[ INFO] [1746509023.980494675]: Target reached: x=0.00, y=0.00, phi=0.00[0m
[0m[ INFO] [1746509024.063846838]: Target - x: 30.000000, y: 0.000000, phi: 0.000000[0m
[0m[ INFO] [1746509024.063941367]: Current - x: 0.383764, y: 2.483819, phi: 10.000000[0m
[0m[ INFO] [1746509024.063981528]: Error - x: 29.616236, y: -2.483819[0m
[0m[ INFO] [1746509024.064021816]: error_y: -2.483819[0m
[0m[ INFO] [1746509024.064054841]: integral_error_y: -0.248382[0m
[0m[ INFO] [1746509024.064128442]: w: -249.625732[0m
[0m[ INFO] [1746509024.064165370]: Publishing motor command - Left: 308.919464, Right: 184.684448[0m
[0m[ INFO] [1746509024.079242699]: Target - x: 30.000000, y: 0.000000, phi: 0.000000[0m
[0m[ INFO] [1746509024.079332717]: Current - x: 0.383764, y: 2.483819, phi: 10.000000[0m
[0m[ INFO] [1746509024.079372909]: Error - x: 29.616236, y: -2.483819[0m
[0m[ INFO] [1746509024.079405358]: error_y: -2.483819[0m
[0m[ INFO] [1746509024.079437198]: integral_error_y: -0.496764[0m
[0m[ INFO] [1746509024.079466991]: w: -1.245883[0m
[0m[ INFO] [1746509024.079501199]: Publishing motor command - Left: 247.112000, Right: 246.491928[0m
[0m[ INFO] [1746509024.088426507]: Target - x: 30.000000, y: 0.000000, phi: 0.000000[0m
[0m[ INFO] [1746509024.088516108]: Current - x: 0.344370, y: 17.521265, phi: 0.000000[0m
[0m[ INFO] [1746509024.088585773]: Error - x: 29.655630, y: -17.521265[0m
[0m[ INFO] [1746509024.088630510]: error_y: -17.521265[0m
[0m[ INFO] [1746509024.088664590]: integral_error_y: -2.248890[0m
[0m[ INFO] [1746509024.088698350]: w: -1512.523193[0m
[0m[ INFO] [1746509024.088733199]: Publishing motor command - Left: 623.510498, Right: -129.250000[0m
[0m[ INFO] [1746509024.125603758]: Target - x: 60.000000, y: 0.000000, phi: 0.000000[0m
[0m[ INFO] [1746509024.125717168]: Current - x: 0.341968, y: 18.023970, phi: 0.843967[0m
[0m[ INFO] [1746509024.125757552]: Error - x: 59.658031, y: -18.023970[0m
[0m[ INFO] [1746509024.125791409]: error_y: -18.023970[0m
[0m[ INFO] [1746509024.125821553]: integral_error_y: -4.051287[0m
[0m[ INFO] [1746509024.125850929]: w: -59.314857[0m
[0m[ INFO] [1746509024.125883602]: Publishing motor command - Left: 511.910309, Right: 482.390228[0m
[0m[ INFO] [1746509024.157864205]: Target - x: 60.000000, y: 0.000000, phi: 0.000000[0m
[0m[ INFO] [1746509024.157983343]: Current - x: 0.336084, y: 26.957727, phi: -2.802211[0m
[0m[ INFO] [1746509024.158047152]: Error - x: 59.663918, y: -26.957727[0m
[0m[ INFO] [1746509024.158088528]: error_y: -26.957727[0m
[0m[ INFO] [1746509024.158183538]: integral_error_y: -6.747060[0m
[0m[ INFO] [1746509024.158294259]: w: -906.908630[0m
[0m[ INFO] [1746509024.158485142]: Publishing motor command - Left: 722.876770, Right: 271.521790[0m
[0m[ INFO] [1746509024.179430936]: Target - x: 60.000000, y: 0.000000, phi: 0.000000[0m
[0m[ INFO] [1746509024.179511449]: Current - x: 0.336084, y: 26.957727, phi: -2.802211[0m
[0m[ INFO] [1746509024.179548026]: Error - x: 59.663918, y: -26.957727[0m
[0m[ INFO] [1746509024.179579322]: error_y: -26.957727[0m
[0m[ INFO] [1746509024.179608667]: integral_error_y: -9.442833[0m
[0m[ INFO] [1746509024.179637339]: w: -13.554406[0m
[0m[ INFO] [1746509024.179694396]: Publishing motor command - Left: 500.572235, Right: 493.826385[0m
[0m[ INFO] [1746509024.206650321]: Target - x: 60.000000, y: 0.000000, phi: 0.000000[0m
[0m[ INFO] [1746509024.206728306]: Current - x: 0.284181, y: 56.957726, phi: 6.519540[0m
[0m[ INFO] [1746509024.206767187]: Error - x: 59.715820, y: -56.957726[0m
[0m[ INFO] [1746509024.206799315]: error_y: -56.957726[0m
[0m[ INFO] [1746509024.206862388]: integral_error_y: -15.138605[0m
[0m[ INFO] [1746509024.206918869]: w: -3028.599609[0m
[0m[ INFO] [1746509024.206981718]: Publishing motor command - Left: 1251.276489, Right: -256.012787[0m
[0m[ INFO] [1746509024.232172115]: Target - x: 90.000000, y: 0.000000, phi: 0.000000[0m
[0m[ INFO] [1746509024.232291125]: Current - x: 0.288011, y: 60.084461, phi: 9.236446[0m
[0m[ INFO] [1746509024.232360342]: Error - x: 89.711990, y: -60.084461[0m
[0m[ INFO] [1746509024.232410774]: error_y: -60.084461[0m
[0m[ INFO] [1746509024.232469047]: integral_error_y: -21.147051[0m
[0m[ INFO] [1746509024.232517848]: w: -342.885010[0m
[0m[ INFO] [1746509024.232554904]: Publishing motor command - Left: 832.924316, Right: 662.275574[0m
[0m[ INFO] [1746509024.278956828]: Target - x: 90.000000, y: 0.000000, phi: 0.000000[0m
[0m[ INFO] [1746509024.279099806]: Current - x: 0.288011, y: 60.084461, phi: 9.236446[0m
[0m[ INFO] [1746509024.279141854]: Error - x: 89.711990, y: -60.084461[0m
[0m[ INFO] [1746509024.279175679]: error_y: -60.084461[0m
[0m[ INFO] [1746509024.279207583]: integral_error_y: -27.155497[0m
[0m[ INFO] [1746509024.279239712]: w: -30.259474[0m
[0m[ INFO] [1746509024.279274368]: Publishing motor command - Left: 755.129822, Right: 740.070068[0m
[0m[ INFO] [1746509024.379217353]: Target - x: 120.000000, y: 0.000000, phi: 0.000000[0m
[0m[ INFO] [1746509024.379378124]: Current - x: 0.288011, y: 60.084461, phi: 9.236446[0m
[0m[ INFO] [1746509024.379420556]: Error - x: 119.711990, y: -60.084461[0m
[0m[ INFO] [1746509024.379453837]: error_y: -60.084461[0m
[0m[ INFO] [1746509024.379484909]: integral_error_y: -33.163944[0m
[0m[ INFO] [1746509024.379514413]: w: -30.307543[0m
[0m[ INFO] [1746509024.379548206]: Publishing motor command - Left: 1005.141785, Right: 990.058105[0m
[0m[ INFO] [1746509024.422777797]: Target - x: 120.000000, y: 0.000000, phi: 0.000000[0m
[0m[ INFO] [1746509024.422879911]: Current - x: 0.695244, y: 64.086990, phi: 19.036860[0m
[0m[ INFO] [1746509024.422918727]: Error - x: 119.304756, y: -64.086990[0m
[0m[ INFO] [1746509024.422951400]: error_y: -64.086990[0m
[0m[ INFO] [1746509024.422990504]: integral_error_y: -39.572643[0m
[0m[ INFO] [1746509024.423051849]: w: -432.613007[0m
[0m[ INFO] [1746509024.423107754]: Publishing motor command - Left: 1101.858887, Right: 886.553711[0m
[0m[ INFO] [1746509024.464996782]: Target - x: 150.000000, y: 0.000000, phi: 0.000000[0m
[0m[ INFO] [1746509024.465086864]: Current - x: 0.589081, y: 94.086990, phi: 13.550672[0m
[0m[ INFO] [1746509024.465124496]: Error - x: 149.410919, y: -94.086990[0m
[0m[ INFO] [1746509024.465157296]: error_y: -94.086990[0m
[0m[ INFO] [1746509024.465194545]: integral_error_y: -48.981342[0m
[0m[ INFO] [1746509024.465228689]: w: -3047.435303[0m
[0m[ INFO] [1746509024.465262482]: Publishing motor command - Left: 2003.422852, Right: 486.759186[0m
[0m[ INFO] [1746509024.506521358]: Target - x: 150.000000, y: 0.000000, phi: 0.000000[0m
[0m[ INFO] [1746509024.506616495]: Current - x: 0.967707, y: 122.546829, phi: 9.936236[0m
[0m[ INFO] [1746509024.506839154]: Error - x: 149.032288, y: -122.546829[0m
[0m[ INFO] [1746509024.506880947]: error_y: -122.546829[0m
[0m[ INFO] [1746509024.506913139]: integral_error_y: -61.236027[0m
[0m[ INFO] [1746509024.506942772]: w: -2907.747314[0m
[0m[ INFO] [1746509024.506974548]: Publishing motor command - Left: 1965.507202, Right: 518.364258[0m
[0m[ INFO] [1746509024.520572593]: Target - x: 150.000000, y: 0.000000, phi: 0.000000[0m
[0m[ INFO] [1746509024.520666162]: Current - x: 0.967707, y: 122.546829, phi: 9.936236[0m
[0m[ INFO] [1746509024.520703954]: Error - x: 149.032288, y: -122.546829[0m
[0m[ INFO] [1746509024.520735859]: error_y: -122.546829[0m
[0m[ INFO] [1746509024.520766803]: integral_error_y: -73.490707[0m
[0m[ INFO] [1746509024.520804340]: w: -61.861340[0m
[0m[ INFO] [1746509024.520866261]: Publishing motor command - Left: 1257.329468, Right: 1226.541992[0m
[0m[ INFO] [1746509024.575129573]: Target - x: 180.000000, y: 0.000000, phi: 0.000000[0m
[0m[ INFO] [1746509024.575230150]: Current - x: 0.984755, y: 92.546829, phi: -0.063763[0m
[0m[ INFO] [1746509024.575300007]: Error - x: 179.015244, y: -92.546829[0m
[0m[ INFO] [1746509024.575335048]: error_y: -92.546829[0m
[0m[ INFO] [1746509024.575364680]: integral_error_y: -82.745392[0m
[0m[ INFO] [1746509024.575394504]: w: 2953.064697[0m
[0m[ INFO] [1746509024.575426921]: Publishing motor command - Left: 756.945312, Right: 2226.641846[0m
[0m[ INFO] [1746509024.583153204]: Target - x: 180.000000, y: 0.000000, phi: 0.000000[0m
[0m[ INFO] [1746509024.583241557]: Current - x: 2.544962, y: 92.925919, phi: 0.147931[0m
[0m[ INFO] [1746509024.583308438]: Error - x: 177.455032, y: -92.925919[0m
[0m[ INFO] [1746509024.583346903]: error_y: -92.925919[0m
[0m[ INFO] [1746509024.583378615]: integral_error_y: -92.037987[0m
[0m[ INFO] [1746509024.583413880]: w: -85.108200[0m
[0m[ INFO] [1746509024.583447448]: Publishing motor command - Left: 1499.970581, Right: 1457.613403[0m
[0m[ INFO] [1746509024.626031014]: Target - x: 210.000000, y: 0.000000, phi: 0.000000[0m
[0m[ INFO] [1746509024.626214761]: Current - x: 2.476572, y: 118.618416, phi: 10.147931[0m
[0m[ INFO] [1746509024.626291402]: Error - x: 207.523422, y: -118.618416[0m
[0m[ INFO] [1746509024.626331691]: error_y: -118.618416[0m
[0m[ INFO] [1746509024.626368907]: integral_error_y: -100.000000[0m
[0m[ INFO] [1746509024.626429612]: w: -2629.359375[0m
[0m[ INFO] [1746509024.626470572]: Publishing motor command - Left: 2383.658447, Right: 1075.065063[0m
[0m[ INFO] [1746509024.647965366]: Target - x: 210.000000, y: 0.000000, phi: 0.000000[0m
[0m[ INFO] [1746509024.648057272]: Current - x: 2.477452, y: 118.189484, phi: 0.147931[0m
[0m[ INFO] [1746509024.648096856]: Error - x: 207.522552, y: -118.189484[0m
[0m[ INFO] [1746509024.648159097]: error_y: -118.189484[0m
[0m[ INFO] [1746509024.648194714]: integral_error_y: -100.000000[0m
[0m[ INFO] [1746509024.648225690]: w: -17.001522[0m
[0m[ INFO] [1746509024.648259738]: Publishing motor command - Left: 1733.585327, Right: 1725.124023[0m
[0m[ INFO] [1746509024.682768985]: Target - x: 210.000000, y: 0.000000, phi: 0.000000[0m
[0m[ INFO] [1746509024.682893466]: Current - x: 6.092577, y: 118.185295, phi: 0.142542[0m
[0m[ INFO] [1746509024.682938043]: Error - x: 203.907425, y: -118.185295[0m
[0m[ INFO] [1746509024.682972636]: error_y: -118.185295[0m
[0m[ INFO] [1746509024.683005404]: integral_error_y: -100.000000[0m
[0m[ INFO] [1746509024.683044509]: w: -59.473793[0m
[0m[ INFO] [1746509024.683080765]: Publishing motor command - Left: 1714.028198, Right: 1684.428833[0m
[0m[ INFO] [1746509024.716974355]: Target - x: 210.000000, y: 0.000000, phi: 0.000000[0m
[0m[ INFO] [1746509024.717070004]: Current - x: 6.711764, y: 88.185295, phi: -9.857458[0m
[0m[ INFO] [1746509024.717109717]: Error - x: 203.288239, y: -88.185295[0m
[0m[ INFO] [1746509024.717144885]: error_y: -88.185295[0m
[0m[ INFO] [1746509024.717177494]: integral_error_y: -100.000000[INFO] [1746509024.020928]: --- Received ArUco Marker ---
[INFO] [1746509024.026376]: Marker ID: 1
[INFO] [1746509024.031578]: Front of Robot in World Frame: x=0.077, y=0.406, phi=356.5°
[INFO] [1746509024.036237]: Covariance R(d=2.15): [[100.0, 792.8658130048269, -0.17232720219801484], [792.8658130048269, 100.0, -0.9044941458786734], [-0.17232720219801484, -0.9044941458786734, 0.0004050236033532977]]
[INFO] [1746509024.042404]: ---------------------------------------------------
[INFO] [1746509024.047111]: Marker ID: 3
[INFO] [1746509024.052522]: Front of Robot in World Frame: x=-0.035, y=0.223, phi=359.8°
[INFO] [1746509024.058565]: Covariance R(d=4.11): [[9029.818508086366, -8231.914798956803, 0.30029666833748564], [-8231.914798956803, 100.0, 0.643965421412279], [0.30029666833748564, 0.643965421412279, 0.0005607553023492011]]
[INFO] [1746509024.066929]: ---------------------------------------------------
[INFO] [1746509024.087519]: Marker ID: 5
[INFO] [1746509024.096781]: Front of Robot in World Frame: x=-0.164, y=0.124, phi=0.9°
[INFO] [1746509024.102048]: Covariance R(d=6.16): [[12071.637766322428, -11014.177329098047, 0.4352961772916407], [-11014.177329098047, 37342.765587857146, 0.6524140080605059], [0.4352961772916407, 0.6524140080605059, 0.0006264169803132508]]
[INFO] [1746509024.106872]: ---------------------------------------------------
[INFO] [1746509024.128052]: Marker ID: 7
[INFO] [1746509024.133354]: Front of Robot in World Frame: x=-0.340, y=0.938, phi=354.3°
[INFO] [1746509024.137991]: Covariance R(d=8.27): [[8245.526731246018, -6743.717154750799, 0.18923167213928996], [-6743.717154750799, 52490.52022390821, -1.0623809848008492], [0.18923167213928996, -1.0623809848008492, 0.0005896921784585012]]
[INFO] [1746509024.143029]: ---------------------------------------------------
[INFO] [1746509024.166981]: Marker ID: 9
[INFO] [1746509024.178193]: Front of Robot in World Frame: x=-0.295, y=-0.642, phi=4.3°
[INFO] [1746509024.184011]: Covariance R(d=10.21): [[-1469.8151889441651, 3538.0089565483913, -0.3799907765562086], [3538.0089565483913, 62189.95636028232, -4.174325583661051], [-0.3799907765562086, -4.174325583661051, 0.0004630039161743822]]
[INFO] [1746509024.188357]: ---------------------------------------------------
[INFO] [1746509024.194623]: Marker ID: 11
[INFO] [1746509024.208326]: Front of Robot in World Frame: x=-0.058, y=-0.001, phi=0.3°
[INFO] [1746509024.212586]: Covariance R(d=11.96): [[-15344.401933986632, 18054.385923857568, -1.1763756555966391], [18054.385923857568, 67489.68385001678, -8.249167005122079], [-1.1763756555966391, -8.249167005122079, 0.0002721378461465165]]
[INFO] [1746509024.216710]: ---------------------------------------------------
[INFO] [1746509024.364355]: --- Received ArUco Marker ---
[INFO] [1746509024.368933]: Marker ID: 1
[INFO] [1746509024.373870]: Front of Robot in World Frame: x=0.074, y=0.403, phi=356.6°
[INFO] [1746509024.378093]: Covariance R(d=2.15): [[100.0, 784.5823490798542, -0.17189000184899672], [784.5823490798542, 100.0, -0.9029240115595947], [-0.17189000184899672, -0.9029240115595947, 0.00040516093931116656]]
[INFO] [1746509024.382666]: ---------------------------------------------------
[INFO] [1746509024.388920]: Marker ID: 3
[INFO] [1746509024.398293]: Front of Robot in World Frame: x=-0.043, y=0.241, phi=359.5°
[INFO] [1746509024.403303]: Covariance R(d=4.11): [[9041.142217379433, -8242.928491165432, 0.30086414777355563], [-8242.928491165432, 100.0, 0.6454476794518068], [0.30086414777355563, 0.6454476794518068, 0.0005609606917887382]]
[INFO] [1746509024.411241]: ---------------------------------------------------
[INFO] [1746509024.417418]: Marker ID: 5
[INFO] [1746509024.422900]: Front of Robot in World Frame: x=-0.145, y=0.222, phi=360.0°
[INFO] [1746509024.429556]: Covariance R(d=6.15): [[12072.456456759, -11015.985552713017, 0.43543731609082637], [-11015.985552713017, 37293.73797322239, 0.6547584112366204], [0.43543731609082637, 0.6547584112366204, 0.0006263716155637845]]
[INFO] [1746509024.435631]: ---------------------------------------------------
[INFO] [1746509024.447643]: Marker ID: 7
[INFO] [1746509024.453651]: Front of Robot in World Frame: x=-0.349, y=1.384, phi=351.2°
[INFO] [1746509024.459380]: Covariance R(d=8.28): [[8221.517758448004, -6717.964278073841, 0.18779093068001176], [-6717.964278073841, 52532.110791378036, -1.0708323907804218], [0.18779093068001176, -1.0708323907804218, 0.000589399583807194]]
[INFO] [1746509024.463123]: ---------------------------------------------------
[INFO] [1746509024.467513]: Marker ID: 9
[INFO] [1746509024.475761]: Front of Robot in World Frame: x=-0.403, y=-0.426, phi=3.1°
[INFO] [1746509024.480696]: Covariance R(d=10.32): [[-2194.7512201798277, 4299.413679091743, -0.4218916699090943], [4299.413679091743, 62617.13733487234, -4.393723025680551], [-0.4218916699090943, -4.393723025680551, 0.00045320599884720816]]
[INFO] [1746509024.513075]: ---------------------------------------------------
[INFO] [1746509024.531335]: Marker ID: 11
[INFO] [1746509024.553185]: Front of Robot in World Frame: x=-0.022, y=0.135, phi=359.6°
[INFO] [1746509024.558158]: Covariance R(d=11.92): [[-15017.823062643487, 17713.687991380386, -1.1577280911673693], [17713.687991380386, 67415.48065482645, -8.155436570308629], [-1.1577280911673693, -8.155436570308629, 0.00027668918604958984]]
[INFO] [1746509024.574687]: ---------------------------------------------------
[INFO] [1746509024.638271]: --- Received ArUco Marker ---
[INFO] [1746509024.642717]: Marker ID: 1
[INFO] [1746509024.646992]: Front of Robot in World Frame: x=0.076, y=0.405, phi=356.5°
[INFO] [1746509024.654712]: Covariance R(d=2.15): [[100.0, 793.757450065706, -0.17237426291359118], [793.757450065706, 100.0, -0.9046631651033836], [-0.17237426291359118, -0.9046631651033836, 0.00040500882076727895]]
[INFO] [1746509024.659650]: ---------------------------------------------------
[INFO] [1746509024.664550]: Marker ID: 3
[INFO] [1746509024.670983]: Front of Robot in World Frame: x=-0.028, y=0.203, phi=0.1°
[INFO] [1746509024.675294]: Covariance R(d=4.10): [[9023.501953484205, -8225.77069345547, 0.29998007096464935], [-8225.77069345547, 100.0, 0.6431375238689502], [0.29998007096464935, 0.6431375238689502, 0.0005606407614585]]
[INFO] [1746509024.689944]: ---------------------------------------------------
[INFO] [1746509024.695537]: Marker ID: 5
[INFO] [1746509024.700580]: Front of Robot in World Frame: x=-0.128, y=0.336, phi=358.9°
[INFO] [1746509024.705129]: Covariance R(d=6.15): [[12072.543318545795, -11016.181386101758, 0.43545268479799937], [-11016.181386101758, 37288.33229861899, 0.6550159559667824], [0.43545268479799937, 0.6550159559667824, 0.00062636656539307]]
[INFO] [1746509024.739963]: ---------------------------------------------------
[INFO] [1746509024.745537]: Marker ID: 7
[INFO] [1746509024.754874]: Front of Robot in World Frame: x=-0.286, y=0.889, phi=354.6°
[INFO] [1746509024.759829]: Covariance R(d=8.22): [[8425.225291448534, -6936.583174249049, 0.2000264790223826], [-6936.583174249049, 52173.344834881835, -0.9988710745515239], [0.2000264790223826, -0.9988710745515239, 0.0005918753038969273]]
[INFO] [1746509024.765199]: ---------------------------------------------------
[INFO] [1746509024.770074]: Marker ID: 9
[INFO] [1746509024.774608]: Front of Robot in World Frame: x=-0.408, y=-0.280, phi=2.3°
[INFO] [1746509024.780321]: Covariance R(d=10.33): [[-2251.9579822062733, 4359.478674207093, -0.4251962479738553], [4359.478674207093, 62649.84332493057, -4.410992935968411], [-0.4251962479738553, -4.410992935968411, 0.0004524316501971451]]
[INFO] [1746509024.786978]: ---------------------------------------------------
[INFO] [1746509024.791338]: Marker ID: 11
[INFO] [1746509024.797146]: Front of Robot in World Frame: x=-0.407, y=-0.005, phi=0.3°
[INFO] [1746509024.803482]: Covariance R(d=12.31): [[-18691.078593447928, 21543.875460350442, -1.367284509574846], [21543.875460350442, 68154.12604995396, -9.205541948599707], [-1.367284509574846, -9.205541948599707, 0.00022538560317742553]]
[0m
[0m[ INFO] [1746509024.717360856]: w: 2955.107422[0m
[0m[ INFO] [1746509024.717403289]: Publishing motor command - Left: 958.711975, Right: 2429.425537[0m
[0m[ INFO] [1746509024.748937486]: Target - x: 240.000000, y: 0.000000, phi: 0.000000[0m
[0m[ INFO] [1746509024.749045903]: Current - x: 6.698771, y: 89.027542, phi: 0.142542[0m
[0m[ INFO] [1746509024.749085808]: Error - x: 233.301224, y: -89.027542[0m
[0m[ INFO] [1746509024.749118736]: error_y: -89.027542[0m
[0m[ INFO] [1746509024.749150257]: integral_error_y: -100.000000[0m
[0m[ INFO] [1746509024.749180113]: w: -129.538467[0m
[0m[ INFO] [1746509024.749212818]: Publishing motor command - Left: 1976.411621, Right: 1911.942261[0m
[0m[ INFO] [1746509024.783184905]: Target - x: 240.000000, y: 0.000000, phi: 0.000000[0m
[0m[ INFO] [1746509024.783283242]: Current - x: 10.718062, y: 91.891632, phi: -1.342290[0m
[0m[ INFO] [1746509024.783323467]: Error - x: 229.281937, y: -91.891632[0m
[0m[ INFO] [1746509024.783357323]: error_y: -91.891632[0m
[0m[ INFO] [1746509024.783388171]: integral_error_y: -100.000000[0m
[0m[ INFO] [1746509024.783454636]: w: -333.154785[0m
[0m[ INFO] [1746509024.783491853]: Publishing motor command - Left: 1993.585938, Right: 1827.779663[0m
[0m[ INFO] [1746509024.783603246]: Target - x: 240.000000, y: 0.000000, phi: 0.000000[0m
[0m[ INFO] [1746509024.783641359]: Current - x: 10.718062, y: 91.891632, phi: -1.342290[0m
[0m[ INFO] [1746509024.783673167]: Error - x: 229.281937, y: -91.891632[0m
[0m[ INFO] [1746509024.783703472]: error_y: -91.891632[0m
[0m[ INFO] [1746509024.783785777]: integral_error_y: -100.000000[0m
[0m[ INFO] [1746509024.783823697]: w: -46.745815[0m
[0m[ INFO] [1746509024.783882034]: Publishing motor command - Left: 1922.315063, Right: 1899.050415[0m
[0m[ INFO] [1746509024.802188944]: Target - x: 240.000000, y: 0.000000, phi: 0.000000[0m
[0m[ INFO] [1746509024.802359538]: Current - x: 10.695975, y: 102.858322, phi: -6.060956[0m
[0m[ INFO] [1746509024.802439827]: Error - x: 229.304031, y: -102.858322[0m
[0m[ INFO] [1746509024.802479028]: error_y: -102.858322[0m
[0m[ INFO] [1746509024.802510900]: integral_error_y: -100.000000[0m
[0m[ INFO] [1746509024.802542677]: w: -1148.898193[0m
[0m[ INFO] [1746509024.802587574]: Publishing motor command - Left: 2196.761719, Right: 1624.972046[0m
[0m[ INFO] [1746509024.825534964]: Target - x: 240.000000, y: 0.000000, phi: 0.000000[0m
[0m[ INFO] [1746509024.825631477]: Current - x: 10.646306, y: 117.770126, phi: -0.011232[0m
[0m[ INFO] [1746509024.825679190]: Error - x: 229.353699, y: -117.770126[0m
[0m[ INFO] [1746509024.825714646]: error_y: -117.770126[0m
[0m[ INFO] [1746509024.825745207]: integral_error_y: -100.000000[0m
[0m[ INFO] [1746509024.825777783]: w: -1550.865479[0m
[0m[ INFO] [1746509024.825811671]: Publishing motor command - Left: 2297.202148, Right: 1525.359375[0m
[0m[ INFO] [1746509024.843679055]: Target - x: 270.000000, y: 0.000000, phi: 0.000000[0m
[0m[ INFO] [1746509024.843788817]: Current - x: 10.641341, y: 118.438438, phi: 0.412286[0m
[0m[ INFO] [1746509024.843829841]: Error - x: 259.358673, y: -118.438438[0m
[0m[ INFO] [1746509024.843862994]: error_y: -118.438438[0m
[0m[ INFO] [1746509024.843951603]: integral_error_y: -100.000000[0m
[0m[ INFO] [1746509024.843988467]: w: -126.850433[0m
[0m[ INFO] [1746509024.844023540]: Publishing motor command - Left: 2192.887939, Right: 2129.756592[0m
[0m[ INFO] [1746509024.870595268]: Target - x: 270.000000, y: 0.000000, phi: 0.000000[0m
[0m[ INFO] [1746509024.870716326]: Current - x: 10.699569, y: 148.438431, phi: 5.184148[0m
[0m[ INFO] [1746509024.870780967]: Error - x: 259.300446, y: -148.438431[0m
[0m[ INFO] [1746509024.870816071]: error_y: -148.438431[0m
[0m[ INFO] [1746509024.870847240]: integral_error_y: -100.000000[0m
[0m[ INFO] [1746509024.870888520]: w: -3075.018799[0m
[0m[ INFO] [1746509024.870945001]: Publishing motor command - Left: 2926.032959, Right: 1395.641235[0m
[0m[ INFO] [1746509024.879245980]: Target - x: 270.000000, y: 0.000000, phi: 0.000000[0m
[0m[ INFO] [1746509024.879513984]: Current - x: 15.525239, y: 148.405060, phi: 4.106516[0m
[0m[ INFO] [1746509024.879558848]: Error - x: 254.474762, y: -148.405060[0m
[0m[ INFO] [1746509024.879592353]: error_y: -148.405060[0m
[0m[ INFO] [1746509024.879623585]: integral_error_y: -100.000000[0m
[0m[ INFO] [1746509024.879655810]: w: -71.665436[0m
[0m[ INFO] [1746509024.879711747]: Publishing motor command - Left: 2138.456299, Right: 2102.789795[0m
[0m[ INFO] [1746509024.937429219]: Target - x: 300.000000, y: 0.000000, phi: 0.000000[0m
[0m[ INFO] [1746509024.937518628]: Current - x: 15.481908, y: 153.648605, phi: -5.893484[0m
[0m[ INFO] [1746509024.937600165]: Error - x: 284.518097, y: -153.648605[0m
[0m[ INFO] [1746509024.937654054]: error_y: -153.648605[0m
[0m[ INFO] [1746509024.937687686]: integral_error_y: -100.000000[0m
[0m[ INFO] [1746509024.937743303]: w: -601.978821[0m
[0m[ INFO] [1746509024.937779783]: Publishing motor command - Left: 2520.782227, Right: 2221.186279[0m
[0m[ INFO] [1746509024.962207066]: Target - x: 300.000000, y: 0.000000, phi: 0.000000[0m
[0m[ INFO] [1746509024.962330268]: Current - x: 15.476251, y: 153.018448, phi: 1.285302[0m
[0m[ INFO] [1746509024.962372188]: Error - x: 284.523743, y: -153.018448[0m
[0m[ INFO] [1746509024.962427101]: error_y: -153.018448[0m
[0m[ INFO] [1746509024.962472350]: integral_error_y: -100.000000[0m
[0m[ INFO] [1746509024.962504286]: w: -14.293477[0m
[0m[ INFO] [1746509024.962540735]: Publishing motor command - Left: 2374.588135, Right: 2367.474365[0m
[0m[ INFO] [1746509024.975382417]: Target - x: 300.000000, y: 0.000000, phi: 0.000000[0m
[0m[ INFO] [1746509024.975464050]: Current - x: 15.466817, y: 153.277008, phi: 0.125558[0m
[0m[ INFO] [1746509024.975502706]: Error - x: 284.533173, y: -153.277008[0m
[0m[ INFO] [1746509024.975568915]: error_y: -153.277008[0m
[0m[ INFO] [1746509024.975646036]: integral_error_y: -100.000000[0m
[0m[ INFO] [1746509024.975681749]: w: -103.294525[0m
[0m[ INFO] [1746509024.975730613]: Publishing motor command - Left: 2396.813721, Right: 2345.405518[0m
[0m[ INFO] [1746509024.978553565]: Target - x: 300.000000, y: 0.000000, phi: 0.000000[0m
[0m[ INFO] [1746509024.978631006]: Current - x: 21.878206, y: 153.797821, phi: -0.954469[0m
[0m[ INFO] [1746509024.978668414]: Error - x: 278.121796, y: -153.797821[0m
[0m[ INFO] [1746509024.978700319]: error_y: -153.797821[0m
[0m[ INFO] [1746509024.978777312]: integral_error_y: -100.000000[0m
[0m[ INFO] [1746509024.978838145]: w: -129.780212[0m
[0m[ INFO] [1746509024.978917826]: Publishing motor command - Left: 2349.976562, Right: 2285.386719[0m
[0m[ INFO] [1746509025.001637181]: Target - x: 300.000000, y: 0.000000, phi: 0.000000[0m
[0m[ INFO] [1746509025.001725982]: Current - x: 21.756594, y: 175.932373, phi: 4.142255[0m
[0m[ INFO] [1746509025.001764478]: Error - x: 278.243408, y: -175.932373[0m
[0m[ INFO] [1746509025.001814815]: error_y: -175.932373[0m
[0m[ INFO] [1746509025.001849951]: integral_error_y: -100.000000[0m
[0m[ INFO] [1746509025.001880800]: w: -2302.221436[0m
[0m[ INFO] [1746509025.001913088]: Publishing motor command - Left: 2891.585938, Right: 1745.804199[0m
[0m[ INFO] [1746509025.021897013]: Target - x: 300.000000, y: 0.000000, phi: 0.000000[0m
[0m[ INFO] [1746509025.021996151]: Current - x: 21.720890, y: 180.811600, phi: 4.958134[0m
[0m[ INFO] [1746509025.022057368]: Error - x: 278.279114, y: -180.811600[0m
[0m[ INFO] [1746509025.022138041]: error_y: -180.811600[0m
[0m[ INFO] [1746509025.022177017]: integral_error_y: -100.000000[0m
[0m[ INFO] [1746509025.022206970]: w: -579.128479[0m
[0m[ INFO] [1746509025.022242074]: Publishing motor command - Left: 2463.104492, Right: 2174.880859[0m
[0m[ INFO] [1746509025.049644406]: Target - x: 330.000000, y: 0.000000, phi: 0.000000[0m
[0m[ INFO] [1746509025.049728663]: Current - x: 21.936203, y: 198.499420, phi: 6.256501[0m
[0m[ INFO] [1746509025.049779672]: Error - x: 308.063782, y: -198.499420[0m
[0m[ INFO] [1746509025.049854457]: error_y: -198.499420[0m
[0m[ INFO] [1746509025.050066492]: integral_error_y: -100.000000[0m
[0m[ INFO] [1746509025.050133501]: w: -1868.831787[0m
[0m[ INFO] [1746509025.050198942]: Publishing motor command - Left: 3032.243164, Right: 2102.153320[0m
[0m[ INFO] [1746509025.068388858]: Target - x: 330.000000, y: 0.000000, phi: 0.000000[0m
[0m[ INFO] [1746509025.068503355]: Current - x: 21.350203, y: 216.528503, phi: 2.604373[0m
[0m[ INFO] [1746509025.068595261]: Error - x: 308.649811, y: -216.528503[0m
[0m[ INFO] [1746509025.068643389]: error_y: -216.528503[0m
[0m[ INFO] [1746509025.068713086]: integral_error_y: -100.000000[0m
[0m[ INFO] [1746509025.068746751]: w: -1911.972656[0m
[0m[ INFO] [1746509025.068790719]: Publishing motor command - Left: 3047.862061, Right: 2096.301514[0m
[0m[ INFO] [1746509025.078684136]: Target - x: 330.000000, y: 0.000000, phi: 0.000000[0m
[0m[ INFO] [1746509025.078762697]: Current - x: 30.191544, y: 216.480789, phi: 1.734842[0m
[0m[ INFO] [1746509025.078798602]: Error - x: 299.808472, y: -216.480789[0m
[0m[ INFO] [1746509025.078863563]: error_y: -216.480789[0m
[0m[ INFO] [1746509025.078919308]: integral_error_y: -100.000000[0m
[0m[ INFO] [1746509025.078979212]: w: -104.268974[0m
[0m[ INFO] [1746509025.079049453]: Publishing motor command - Left: 2524.350586, Right: 2472.457275[0m
[0m[ INFO] [1746509025.194311019]: Target - x: 360.000000, y: 0.000000, phi: 0.000000[0m
[0m[ INFO] [1746509025.194400140]: Current - x: 41.473282, y: 222.642334, phi: 2.832094[0m
[0m[ INFO] [1746509025.194439501]: Error - x: 318.526733, y: -222.642334[0m
[0m[ INFO] [1746509025.194492718]: error_y: -222.642334[0m
[0m[ INFO] [1746509025.194543438]: integral_error_y: -100.000000[0m
[0m[ INFO] [1746509025.194576943]: w: -728.275635[0m
[0m[ INFO] [1746509025.194614095]: Publishing motor command - Left: 2835.615479, Right: 2473.163330[0m
[0m[ INFO] [1746509025.204333398]: Target - x: 360.000000, y: 0.000000, phi: 0.000000[0m
[0m[ INFO] [1746509025.204437239]: Current - x: 41.473282, y: 222.642334, phi: 2.832094[0m
[0m[ INFO] [1746509025.204513816]: Error - x: 318.526733, y: -222.642334[0m
[0m[ INFO] [1746509025.204608506]: error_y: -222.642334[0m
[0m[ INFO] [1746509025.204659098]: integral_error_y: -100.000000[0m
[0m[ INFO] [1746509025.204731067]: w: -112.121170[0m
[0m[ INFO] [1746509025.204770044]: Publishing motor command - Left: 2682.290039, Right: 2626.489014[0m
[0m[ INFO] [1746509025.232418843]: Target - x: 390.000000, y: 0.000000, phi: 0.000000[0m
[0m[ INFO] [1746509025.232512764]: Current - x: 41.555489, y: 220.889618, phi: 4.455442[0m
[0m[ INFO] [1746509025.232555965]: Error - x: 348.444519, y: -220.889618[0m
[0m[ INFO] [1746509025.232620030]: error_y: -220.889618[0m
[0m[ INFO] [1746509025.232654046]: integral_error_y: -100.000000[0m
[0m[ INFO] [1746509025.232706751]: w: 64.026794[0m
[0m[ INFO] [1746509025.232743040]: Publishing motor command - Left: 2887.771729, Right: 2919.636963[0m
[0m[ INFO] [1746509025.249471368]: Target - x: 390.000000, y: 0.000000, phi: 0.000000[0m
[0m[ INFO] [1746509025.249565705]: Current - x: 41.645565, y: 239.409927, phi: -5.544558[0m
[0m[ INFO] [1746509025.249657802]: Error - x: 348.354431, y: -239.409927[0m
[0m[ INFO] [1746509025.249734699]: error_y: -239.409927[0m
[0m[ INFO] [1746509025.249793196]: integral_error_y: -100.000000[0m
[0m[ INFO] [1746509025.249839661]: w: -1972.536011[0m
[0m[ INFO] [1746509025.249876557]: Publishing motor command - Left: 3393.804443, Right: 2412.102295[0m
[0m[ INFO] [1746509025.266815928]: Target - x: 390.000000, y: 0.000000, phi: 0.000000[0m
[0m[ INFO] [1746509025.266930458]: Current - x: 41.659607, y: 232.181885, phi: -3.207614[0m
[0m[ INFO] [1746509025.266982682]: Error - x: 348.340393, y: -232.181885[0m
[0m[ INFO] [1746509025.267033307]: error_y: -232.181885[0m
[0m[ INFO] [1746509025.267067387]: integral_error_y: -100.000000[0m
[0m[ INFO] [1746509025.267123100]: w: 605.913330[0m
[0m[ INFO] [1746509025.267159709]: Publishing motor command - L[INFO] [1746509024.808989]: ---------------------------------------------------
[INFO] [1746509024.829859]: --- Received ArUco Marker ---
[INFO] [1746509024.839411]: Marker ID: 1
[INFO] [1746509024.843762]: Front of Robot in World Frame: x=0.078, y=0.407, phi=356.6°
[INFO] [1746509024.847827]: Covariance R(d=2.15): [[100.0, 796.994076905852, -0.1725450928190805], [796.994076905852, 100.0, -0.905276716636089], [-0.1725450928190805, -0.905276716636089, 0.00040495516079429897]]
[INFO] [1746509024.851585]: ---------------------------------------------------
[INFO] [1746509024.855572]: Marker ID: 3
[INFO] [1746509024.861041]: Front of Robot in World Frame: x=-0.065, y=0.293, phi=358.8°
[INFO] [1746509024.867069]: Covariance R(d=4.12): [[9070.467462123064, -8271.445664249557, 0.3023332452216719], [-8271.445664249557, 100.0, 0.6492747866155948], [0.3023332452216719, 0.6492747866155948, 0.0005614929033282091]]
[INFO] [1746509024.870793]: ---------------------------------------------------
[INFO] [1746509024.875373]: Marker ID: 5
[INFO] [1746509024.893474]: Front of Robot in World Frame: x=-0.167, y=0.144, phi=0.8°
[INFO] [1746509024.898841]: Covariance R(d=6.16): [[12070.845662489864, -11012.484339832366, 0.4351652126857455], [-11012.484339832366, 37387.30819186963, 0.6502706788933049], [0.4351652126857455, 0.6502706788933049, 0.00062645750914868]]
[INFO] [1746509024.903832]: ---------------------------------------------------
[INFO] [1746509024.913027]: Marker ID: 7
[INFO] [1746509024.922652]: Front of Robot in World Frame: x=-0.275, y=0.231, phi=359.3°
[INFO] [1746509024.937706]: Covariance R(d=8.26): [[8287.456825688405, -6788.701387985014, 0.19174867587768157], [-6788.701387985014, 52417.44863161196, -1.0476023115372377], [0.19174867587768157, -1.0476023115372377, 0.0005902026685276592]]
[INFO] [1746509024.947028]: ---------------------------------------------------
[INFO] [1746509024.953601]: Marker ID: 9
[INFO] [1746509024.961981]: Front of Robot in World Frame: x=-0.463, y=-0.660, phi=4.5°
[INFO] [1746509024.972978]: Covariance R(d=10.38): [[-2591.3040034466344, 4715.722808849327, -0.4447931362710482], [4715.722808849327, 62840.95021654165, -4.51331133225234], [-0.4447931362710482, -4.51331133225234, 0.00044783490090793417]]
[INFO] [1746509024.980085]: ---------------------------------------------------
[INFO] [1746509024.984233]: Marker ID: 11
[INFO] [1746509024.989173]: Front of Robot in World Frame: x=-0.201, y=-0.981, phi=5.0°
[INFO] [1746509024.997066]: Covariance R(d=12.14): [[-17072.074229390666, 19856.19464711004, -1.274970224746433], [19856.19464711004, 67853.75121900367, -8.743790934956731], [-1.274970224746433, -8.743790934956731, 0.0002480271719048014]]
[INFO] [1746509025.000901]: ---------------------------------------------------
[INFO] [1746509025.006765]: --- Received ArUco Marker ---
[INFO] [1746509025.011997]: Marker ID: 1
[INFO] [1746509025.017380]: Front of Robot in World Frame: x=0.095, y=0.404, phi=355.0°
[INFO] [1746509025.021077]: Covariance R(d=2.13): [[100.0, 896.3578545162499, -0.17778979108021634], [896.3578545162499, 100.0, -0.9241238057467417], [-0.17778979108021634, -0.9241238057467417, 0.00040330823162538566]]
