[0m[ INFO] [1746505987.627800224]: Target - x: 0.000000, y: 0.000000, phi: 0.000000[0m
[0m[ INFO] [1746505987.630870377]: Current - x: 0.000000, y: 0.000000, phi: 0.000000[0m
[0m[ INFO] [1746505987.630959659]: Error - x: 0.000000, y: 0.000000[0m
[0m[ INFO] [1746505987.631005836]: Publishing motor command - Left: 0.000000, Right: 0.000000[0m
[0m[ INFO] [1746505987.631120750]: Target reached: x=0.00, y=0.00, phi=0.00[0m
[0m[ INFO] [1746505987.728070424]: Target - x: 0.000000, y: 0.000000, phi: 0.000000[0m
[0m[ INFO] [1746505987.728229308]: Current - x: 0.000000, y: 0.000000, phi: 0.000000[0m
[0m[ INFO] [1746505987.728301533]: Error - x: 0.000000, y: 0.000000[0m
[0m[ INFO] [1746505987.728444737]: Publishing motor command - Left: 0.000000, Right: 0.000000[0m
[0m[ INFO] [1746505987.728616261]: Target reached: x=0.00, y=0.00, phi=0.00[0m
[0m[ INFO] [1746505987.829385352]: Target - x: 0.000000, y: 0.000000, phi: 0.000000[0m
[0m[ INFO] [1746505987.831097424]: Current - x: 0.000000, y: 0.000000, phi: 0.000000[0m
[0m[ INFO] [1746505987.831388855]: Error - x: 0.000000, y: 0.000000[0m
[0m[ INFO] [1746505987.831505370]: Publishing motor command - Left: 0.000000, Right: 0.000000[0m
[0m[ INFO] [1746505987.831850274]: Target reached: x=0.00, y=0.00, phi=0.00[0m
[0m[ INFO] [1746505987.934694038]: Target - x: 0.000000, y: 0.000000, phi: 0.000000[0m
[0m[ INFO] [1746505987.935018974]: Current - x: 0.000000, y: 0.000000, phi: 0.000000[0m
[0m[ INFO] [1746505987.935331045]: Error - x: 0.000000, y: 0.000000[0m
[0m[ INFO] [1746505987.935597195]: Publishing motor command - Left: 0.000000, Right: 0.000000[0m
[0m[ INFO] [1746505987.935855377]: Target reached: x=0.00, y=0.00, phi=0.00[0m
[0m[ INFO] [1746505988.030664616]: Target - x: 0.000000, y: 0.000000, phi: 0.000000[0m
[0m[ INFO] [1746505988.031032304]: Current - x: 0.000000, y: 0.000000, phi: 0.000000[0m
[0m[ INFO] [1746505988.031238389]: Error - x: 0.000000, y: 0.000000[0m
[0m[ INFO] [1746505988.031435994]: Publishing motor command - Left: 0.000000, Right: 0.000000[0m
[0m[ INFO] [1746505988.033622381]: Target reached: x=0.00, y=0.00, phi=0.00[0m
[0m[ INFO] [1746505988.136768294]: Target - x: 0.000000, y: 0.000000, phi: 0.000000[0m
[0m[ INFO] [1746505988.137176784]: Current - x: 0.000000, y: 0.000000, phi: 0.000000[0m
[0m[ INFO] [1746505988.137277874]: Error - x: 0.000000, y: 0.000000[0m
[0m[ INFO] [1746505988.137351924]: Publishing motor command - Left: 0.000000, Right: 0.000000[0m
[0m[ INFO] [1746505988.137579641]: Target reached: x=0.00, y=0.00, phi=0.00[0m
[0m[ INFO] [1746505988.233322404]: Target - x: 0.000000, y: 0.000000, phi: 0.000000[0m
[0m[ INFO] [1746505988.233405830]: Current - x: 0.000000, y: 0.000000, phi: 0.000000[0m
[0m[ INFO] [1746505988.233442983]: Error - x: 0.000000, y: 0.000000[0m
[0m[ INFO] [1746505988.233476264]: Publishing motor command - Left: 0.000000, Right: 0.000000[0m
[0m[ INFO] [1746505988.233553482]: Target reached: x=0.00, y=0.00, phi=0.00[0m
[0m[ INFO] [1746505988.329033806]: Target - x: 0.000000, y: 0.000000, phi: 0.000000[0m
[0m[ INFO] [1746505988.329187954]: Current - x: 0.000000, y: 0.000000, phi: 0.000000[0m
[0m[ INFO] [1746505988.329287284]: Error - x: 0.000000, y: 0.000000[0m
[0m[ INFO] [1746505988.329372630]: Publishing motor command - Left: 0.000000, Right: 0.000000[0m
[0m[ INFO] [1746505988.329487737]: Target reached: x=0.00, y=0.00, phi=0.00[0m
[0m[ INFO] [1746505988.428292268]: Target - x: 0.000000, y: 0.000000, phi: 0.000000[0m
[0m[ INFO] [1746505988.428453392]: Current - x: -0.201402, y: -0.000189, phi: 0.107344[0m
[0m[ INFO] [1746505988.428622452]: Error - x: 0.201402, y: 0.000189[0m
[0m[ INFO] [1746505988.428701686]: error_y: 0.000189[0m
[0m[ INFO] [1746505988.428754647]: integral_error_y: 0.000019[0m
[0m[ INFO] [1746505988.428806200]: w: 0.038678[0m
[0m[ INFO] [1746505988.428853817]: Publishing motor command - Left: 1.668725, Right: 1.687975[0m
[0m[ INFO] [1746505988.527776399]: Target - x: 0.000000, y: 0.000000, phi: 0.000000[0m
[0m[ INFO] [1746505988.527860945]: Current - x: -0.201402, y: -0.000189, phi: 0.107344[0m
[0m[ INFO] [1746505988.528125751]: Error - x: 0.201402, y: 0.000189[0m
[0m[ INFO] [1746505988.528165208]: error_y: 0.000189[0m
[0m[ INFO] [1746505988.528214745]: integral_error_y: 0.000038[0m
[0m[ INFO] [1746505988.528260442]: w: 0.000947[0m
[0m[ INFO] [1746505988.528293691]: Publishing motor command - Left: 1.678114, Right: 1.678586[0m
[0m[ INFO] [1746505988.632670257]: Target - x: 0.000000, y: 0.000000, phi: 0.000000[0m
[0m[ INFO] [1746505988.632854550]: Current - x: -0.201402, y: -0.000189, phi: 0.107344[0m
[0m[ INFO] [1746505988.632971192]: Error - x: 0.201402, y: 0.000189[0m
[0m[ INFO] [1746505988.633028282]: error_y: 0.000189[0m
[0m[ INFO] [1746505988.633078619]: integral_error_y: 0.000057[0m
[0m[ INFO] [1746505988.633124668]: w: 0.000949[0m
[0m[ INFO] [1746505988.633174141]: Publishing motor command - Left: 1.678114, Right: 1.678586[0m
[0m[ INFO] [1746505988.728312282]: Target - x: 0.000000, y: 0.000000, phi: 0.000000[0m
[0m[ INFO] [1746505988.728440157]: Current - x: -0.201402, y: -0.000189, phi: 0.107344[0m
[0m[ INFO] [1746505988.728535999]: Error - x: 0.201402, y: 0.000189[0m
[0m[ INFO] [1746505988.728610721]: error_y: 0.000189[0m
[0m[ INFO] [1746505988.728682274]: integral_error_y: 0.000075[0m
[0m[ INFO] [1746505988.728737092]: w: 0.000951[0m
[0m[ INFO] [1746505988.728854599]: Publishing motor command - Left: 1.678113, Right: 1.678587[0m
[0m[ INFO] [1746505988.828433772]: Target - x: 0.000000, y: 0.000000, phi: 0.000000[0m
[0m[ INFO] [1746505988.828532110]: Current - x: -0.201402, y: -0.000189, phi: 0.107344[0m
[0m[ INFO] [1746505988.829563046]: Error - x: 0.201402, y: 0.000189[0m
[0m[ INFO] [1746505988.829600999]: error_y: 0.000189[0m
[0m[ INFO] [1746505988.829650184]: integral_error_y: 0.000094[0m
[0m[ INFO] [1746505988.829704522]: w: 0.000953[0m
[0m[ INFO] [1746505988.829773483]: Publishing motor command - Left: 1.678113, Right: 1.678587[0m
[0m[ INFO] [1746505988.887843680]: Target - x: 0.000000, y: 0.000000, phi: 0.000000[0m
[0m[ INFO] [1746505988.887930339]: Current - x: -0.200054, y: -0.306517, phi: -0.127278[0m
[0m[ INFO] [1746505988.887966723]: Error - x: 0.200054, y: 0.306517[0m
[0m[ INFO] [1746505988.887998212]: error_y: 0.306517[0m
[0m[ INFO] [1746505988.888033061]: integral_error_y: 0.030746[0m
[0m[ INFO] [1746505988.888072934]: w: 62.801300[0m
[0m[ INFO] [1746505988.888109223]: Publishing motor command - Left: -13.960522, Right: 17.294758[0m
[0m[ INFO] [1746505988.908359971]: Target - x: 0.000000, y: 0.000000, phi: 0.000000[0m
[0m[ INFO] [1746505988.908445349]: Current - x: -0.188247, y: -0.491065, phi: -0.032010[0m
[0m[ INFO] [1746505988.908486598]: Error - x: 0.188247, y: 0.491065[0m
[0m[ INFO] [1746505988.908517703]: error_y: 0.491065[0m
[0m[ INFO] [1746505988.908547367]: integral_error_y: 0.079852[0m
[0m[ INFO] [1746505988.908577192]: w: 39.372860[0m
[0m[ INFO] [1746505988.908607561]: Publishing motor command - Left: -8.228923, Right: 11.366368[0m
[0m[ INFO] [1746505988.928053618]: Target - x: 0.000000, y: 0.000000, phi: 0.000000[0m
[0m[ INFO] [1746505988.928142516]: Current - x: -0.188247, y: -0.491065, phi: -0.032010[0m
[0m[ INFO] [1746505988.928179541]: Error - x: 0.188247, y: 0.491065[0m
[0m[ INFO] [1746505988.928211830]: error_y: 0.491065[0m
[0m[ INFO] [1746505988.928279095]: integral_error_y: 0.128959[0m
[0m[ INFO] [1746505988.928315480]: w: 2.468219[0m
[0m[ INFO] [1746505988.928346617]: Publishing motor command - Left: 0.954524, Right: 2.182920[0m
[0m[ INFO] [1746505988.934391847]: Target - x: 0.000000, y: 0.000000, phi: 0.000000[0m
[0m[ INFO] [1746505988.934480361]: Current - x: -0.188247, y: -0.491065, phi: -0.032010[0m
[0m[ INFO] [1746505988.934515530]: Error - x: 0.188247, y: 0.491065[0m
[0m[ INFO] [1746505988.934547819]: error_y: 0.491065[0m
[0m[ INFO] [1746505988.934577963]: integral_error_y: 0.178065[0m
[0m[ INFO] [1746505988.934611500]: w: 2.473130[0m
[0m[ INFO] [1746505988.934642285]: Publishing motor command - Left: 0.953302, Right: 2.184142[0m
[0m[ INFO] [1746505988.970080430]: Target - x: 0.000000, y: 0.000000, phi: 0.000000[0m
[0m[ INFO] [1746505988.970209393]: Current - x: -0.188247, y: -0.491065, phi: -0.032010[0m
[0m[ INFO] [1746505988.970280083]: Error - x: 0.188247, y: 0.491065[0m
[0m[ INFO] [1746505988.970342452]: error_y: 0.491065[0m
[0m[ INFO] [1746505988.970398005]: integral_error_y: 0.227172[0m
[0m[ INFO] [1746505988.970427670]: w: 2.478040[0m
[0m[ INFO] [1746505988.970458135]: Publishing motor command - Left: 0.952080, Right: 2.185364[0m
[0m[ INFO] [1746505988.998634637]: Target - x: 0.000000, y: 0.000000, phi: 0.000000[0m
[0m[ INFO] [1746505988.998726479]: Current - x: -0.215612, y: 29.303362, phi: 4.638862[0m
[0m[ INFO] [1746505988.998777009]: Error - x: 0.215612, y: -29.303362[0m
[0m[ INFO] [1746505988.998811697]: error_y: -29.303362[0m
[0m[ INFO] [1746505988.998904148]: integral_error_y: -2.703164[0m
[0m[ INFO] [1746505988.998968341]: w: -6105.672852[0m
[0m[ INFO] [1746505988.999008246]: Publishing motor command - Left: 1521.148315, Right: -1517.554810[0m
[0m[ INFO] [1746505989.016827097]: Target - x: 0.000000, y: 0.000000, phi: 0.000000[0m
[0m[ INFO] [1746505989.016916891]: Current - x: -0.248006, y: 40.222389, phi: 5.994019[0m
[0m[ INFO] [1746505989.016955388]: Error - x: 0.248006, y: -40.222389[0m
[0m[ INFO] [1746505989.017028637]: error_y: -40.222389[0m
[0m[ INFO] [1746505989.017101887]: integral_error_y: -6.725403[0m
[0m[ INFO] [1746505989.017137920]: w: -2385.590088[0m
[0m[ INFO] [1746505989.017202050]: Publishing motor command - Left: 595.703186, Right: -591.569763[0m
[0m[ INFO] [1746505989.028107874]: Target - x: 0.000000, y: 0.000000, phi: 0.000000[0m
[0m[ INFO] [1746505989.028200772]: Current - x: -0.248006, y: 40.222389, phi: 5.994019[0m
[0m[ INFO] [1746505989.028237893]: Error - x: 0.248006, y: -40.222389[0m
[0m[ INFO] [1746505989.028300646]: error_y: -40.222389[0m
[0m[ INFO] [1746505989.028343271]: integral_error_y: -10.747643[0m
[0m[ INFO] [1746505989.028391944]: w: -202.186707[0m
[0m[ INFO] [1746505989.028427113]: Publishing motor command - Left: 52.379379, Right: -48.245956[0m
[0m[ INFO] [1746505989.128384373]: Target - x: 30.000000, y: 0.000000, phi: 0.000000[0m
[0m[ INFO] [1746505989.128490584]: Current - x: -0.248006, y: 40.222389, phi: 5.994019[0m
[0m[ INFO] [1746505989.128536857]: Error - x: 30.248005, y: -40.222389[0m
[0m[ INFO] [1746505989.128570490]: error_y: -40.222389[0m
[0m[ INFO] [1746505989.128600026]: integral_error_y: -14.769881[0m
[0m[ INFO] [1746505989.128629403]: w: -202.588928[0m
[0m[ INFO] [1746505989.128662268]: Publishing motor command - Left: 302.479462, Right: 201.653946[0m
[0m[ INFO] [1746505989.200665047]: Target - x: 30.000000, y: 0.000000, phi: 0.000000[0m
[0m[ INFO] [1746505989.200766201]: Current - x: -0.268409, y: 40.269150, phi: -1.847695[0m
[0m[ INFO] [1746505989.200802938]: Error - x: 30.268410, y: -40.269150[0m
[0m[ INFO] [1746505989.200841467]: error_y: -40.269150[0m
[0m[ INFO] [1746505989.200872124]: integral_error_y: -18.796797[0m
[0m[ INFO] [1746505989.200901917]: w: -212.577545[0m
[0m[ INFO] [1746505989.200933277]: Publishing motor command - Left: 305.135101, Right: 199.338394[0m
[0m[ INFO] [1746505989.228005945]: Target - x: 60.000000, y: 0.000000, phi: 0.000000[0m
[0m[ INFO] [1746505989.228094555]: Current - x: -0.268409, y: 40.269150, phi: -1.847695[0m
[0m[ INFO] [1746505989.228139676]: Error - x: 60.268410, y: -40.269150[0m
[0m[ INFO] [1746505989.228204094]: error_y: -40.269150[0m
[0m[ INFO] [1746505989.228267711]: integral_error_y: -22.823711[0m
[0m[ INFO] [1746505989.228366210]: w: -203.628113[0m
[0m[ INFO] [1746505989.228403395]: Publishing motor command - Left: 552.908081, Right: 451.565399[0m
[0m[ INFO] [1746505989.247051225]: Target - x: 60.000000, y: 0.000000, phi: 0.000000[0m
[0m[ INFO] [1746505989.247175804]: Current - x: -0.265499, y: 34.968868, phi: 165.739105[0m
[0m[ INFO] [1746505989.247212060]: Error - x: 60.265499, y: -34.968868[0m
[0m[ INFO] [1746505989.247386465]: error_y: -34.968868[0m
[0m[ INFO] [1746505989.247420385]: integral_error_y: -26.320599[0m
[0m[ INFO] [1746505989.247449986]: w: 882.579834[0m
[0m[ INFO] [1746505989.247481091]: Publishing motor command - Left: 282.589020, Right: 721.835938[0m
[0m[ INFO] [1746505989.266463361]: Target - x: 60.000000, y: 0.000000, phi: 0.000000[0m
[0m[ INFO] [1746505989.266561955]: Current - x: -0.265499, y: 34.968868, phi: 165.739105[0m
[0m[ INFO] [1746505989.266600644]: Error - x: 60.265499, y: -34.968868[0m
[0m[ INFO] [1746505989.266633829]: error_y: -34.968868[0m
[0m[ INFO] [1746505989.266696358]: integral_error_y: -29.817486[0m
[0m[ INFO] [1746505989.266753736]: w: -177.826096[0m
[0m[ INFO] [1746505989.266843658]: Publishing motor command - Left: 546.463196, Right: 457.961761[0m
[0m[ INFO] [1746505989.287156263]: Target - x: 60.000000, y: 0.000000, phi: 0.000000[0m
[0m[ INFO] [1746505989.287258761]: Current - x: -0.265499, y: 34.968868, phi: 165.739105[0m
[0m[ INFO] [1746505989.287298890]: Error - x: 60.265499, y: -34.968868[0m
[0m[ INFO] [1746505989.287332779]: error_y: -34.968868[0m
[0m[ INFO] [1746505989.287364076]: integral_error_y: -33.314373[0m
[0m[ INFO] [1746505989.287394636]: w: -178.175781[0m
[0m[ INFO] [1746505989.287426861]: Publishing motor command - Left: 546.550232, Right: 457.874756[0m
[0m[ INFO] [1746505989.307857261]: Target - x: 60.000000, y: 0.000000, phi: 0.000000[0m
[0m[ INFO] [1746505989.308675520]: Current - x: -0.334617, y: 77.389832, phi: 5.908216[0m
[0m[ INFO] [1746505989.308717089]: Error - x: 60.334618, y: -77.389832[0m
[0m[ INFO] [1746505989.308750338]: error_y: -77.389832[0m
[0m[ INFO] [1746505989.308806947]: integral_error_y: -41.053356[0m
[0m[ INFO] [1746505989.308867237]: w: -8875.247070[0m
[0m[ INFO] [1746505989.308926886]: Publishing motor command - Left: 2711.328125, Right: -1705.751343[0m
[0m[ INFO] [1746505989.328807417]: Target - x: 90.000000, y: 0.000000, phi: 0.000000[0m
[0m[ INFO] [1746505989.328936668]: Current - x: -0.334617, y: 77.389832, phi: 5.908216[0m
[0m[ INFO] [1746505989.329020574]: Error - x: 90.334618, y: -77.389832[0m
[0m[ INFO] [1746505989.329059519]: error_y: -77.389832[0m
[0m[ INFO] [1746505989.329091776]: integral_error_y: -48.792339[0m
[0m[ INFO] [1746505989.329123361]: w: -391.828400[0m
[0m[ INFO] [1746505989.329156737]: Publishing motor command - Left: 850.292053, Right: 655.284912[0m
[0m[ INFO] [1746505989.344701294]: Target - x: 90.000000, y: 0.000000, phi: 0.000000[0m
[0m[ INFO] [1746505989.344829682]: Current - x: -0.330434, y: 78.655014, phi: -121.486275[0m
[0m[ INFO] [1746505989.344894771]: Error - x: 90.330437, y: -78.655014[0m
[0m[ INFO] [1746505989.344978037]: error_y: -78.655014[0m
[0m[ INFO] [1746505989.345010998]: integral_error_y: -56.657841[0m
[0m[ INFO] [1746505989.345042839]: w: -651.977356[0m
[0m[ INFO] [1746505989.345083991]: Publishing motor command - Left: 914.993408, Right: 590.513916[0m
[0m[ INFO] [1746505989.428164055]: Target - x: 120.000000, y: 0.000000, phi: 0.000000[0m
[0m[ INFO] [1746505989.428294138]: Current - x: -0.330434, y: 78.655014, phi: -121.486275[0m
[0m[ INFO] [1746505989.428382908]: Error - x: 120.330437, y: -78.655014[0m
[0m[ INFO] [1746505989.428419805]: error_y: -78.655014[0m
[0m[ INFO] [1746505989.428451006]: integral_error_y: -64.523346[0m
[0m[ INFO] [1746505989.428487423]: w: -399.727417[0m
[0m[ INFO] [1746505989.428526272]: Publishing motor command - Left: 1102.222900, Right: 903.284424[0m
[0m[ INFO] [1746505989.452368976]: Target - x: 120.000000, y: 0.000000, phi: 0.000000[0m
[0m[ INFO] [1746505989.452484498]: Current - x: -0.384977, y: 79.796616, phi: -3.604498[0m
[0m[ INFO] [1746505989.452547764]: Error - x: 120.384979, y: -79.796616[0m
[0m[ INFO] [1746505989.452651446]: error_y: -79.796616[0m
[0m[ INFO] [1746505989.452693719]: integral_error_y: -72.503006[0m
[0m[ INFO] [1746505989.452727928]: w: -634.553711[0m
[0m[ INFO] [1746505989.452761305]: Publishing motor command - Left: [INFO] [1746505988.848026]: --- Received ArUco Marker ---
[INFO] [1746505988.852715]: Marker ID: 1
[INFO] [1746505988.858609]: Front of Robot in World Frame: x=-0.006, y=0.002, phi=359.8°
[INFO] [1746505988.863518]: Covariance R(d=2.07): [[100.0, 1284.823320564489, -0.1982987359465374], [1284.823320564489, 100.0, -0.9980107105824351], [-0.1982987359465374, -0.9980107105824351, 0.00039687718284117673]]
[INFO] [1746505988.868228]: ---------------------------------------------------
[INFO] [1746505988.873187]: Marker ID: 3
[INFO] [1746505988.879223]: Front of Robot in World Frame: x=-0.036, y=-0.097, phi=1.1°
[INFO] [1746505988.885564]: Covariance R(d=4.19): [[9297.261176799466, -8491.724073852523, 0.3136685533668387], [-8491.724073852523, 100.0, 0.6782847846085435], [0.3136685533668387, 0.6782847846085435, 0.0005656247085511555]]
[INFO] [1746505988.892955]: ---------------------------------------------------
[INFO] [1746505988.897196]: Marker ID: 5
[INFO] [1746505988.904946]: Front of Robot in World Frame: x=-0.237, y=-0.415, phi=3.9°
[INFO] [1746505988.909872]: Covariance R(d=6.19): [[12065.990176521269, -11002.922760296316, 0.43444316446157444], [-11002.922760296316, 37618.567075438004, 0.6389368641029616], [0.43444316446157444, 0.6389368641029616, 0.0006266573781848507]]
[INFO] [1746505988.913821]: ---------------------------------------------------
[INFO] [1746505988.918932]: Marker ID: 7
[INFO] [1746505988.924751]: Front of Robot in World Frame: x=-0.440, y=1.965, phi=346.1°
[INFO] [1746505988.931590]: Covariance R(d=8.40): [[7779.410363593871, -6244.340417755679, 0.16131973141299077], [-6244.340417755679, 53267.44971294437, -1.2251405950287853], [0.16131973141299077, -1.2251405950287853, 0.0005839761931509752]]
[INFO] [1746505988.941385]: ---------------------------------------------------
[INFO] [1746505988.953146]: Marker ID: 9
[INFO] [1746505988.966522]: Front of Robot in World Frame: x=-0.144, y=-0.242, phi=1.3°
[INFO] [1746505988.973945]: Covariance R(d=10.06): [[-537.1988561005403, 2557.754467504697, -0.32601466401617507], [2557.754467504697, 61603.44360901306, -3.890479016443308], [-0.32601466401617507, -3.890479016443308, 0.00047556579495968836]]
[INFO] [1746505988.978348]: ---------------------------------------------------
[INFO] [1746505988.982706]: Marker ID: 11
[INFO] [1746505988.989563]: Front of Robot in World Frame: x=-0.171, y=-3.070, phi=14.0°
[INFO] [1746505988.995459]: Covariance R(d=12.46): [[-20169.90322102573, 23084.808839042194, -1.4515443856327872], [23084.808839042194, 68396.68314030604, -9.62593889593295], [-1.4515443856327872, -9.62593889593295, 0.0002046674534620638]]
[INFO] [1746505988.999084]: ---------------------------------------------------
[INFO] [1746505989.158502]: --- Received ArUco Marker ---
[INFO] [1746505989.162830]: Marker ID: 1
[INFO] [1746505989.168982]: Front of Robot in World Frame: x=-0.000, y=0.010, phi=359.5°
[INFO] [1746505989.173716]: Covariance R(d=2.07): [[100.0, 1303.8095893161717, -0.19930129754136072], [1303.8095893161717, 100.0, -1.0016300791843529], [-0.19930129754136072, -1.0016300791843529, 0.00039656317150738116]]
[INFO] [1746505989.178022]: ---------------------------------------------------
[INFO] [1746505989.182441]: Marker ID: 3
[INFO] [1746505989.191293]: Front of Robot in World Frame: x=0.131, y=-0.071, phi=0.6°
[INFO] [1746505989.196679]: Covariance R(d=4.03): [[8781.217815363212, -7989.8503733902835, 0.28781153017697503], [-7989.8503733902835, 100.0, 0.6108273459576717], [0.28781153017697503, 0.6108273459576717, 0.0005562622397749454]]
[INFO] [1746505989.200226]: ---------------------------------------------------
[INFO] [1746505989.203862]: Marker ID: 5
[INFO] [1746505989.207700]: Front of Robot in World Frame: x=-0.215, y=-0.551, phi=5.1°
[INFO] [1746505989.211132]: Covariance R(d=6.17): [[12070.32832930503, -11011.40425521813, 0.435082213408738], [-11011.40425521813, 37415.087640225574, 0.6489275030304806], [0.435082213408738, 0.6489275030304806, 0.0006264824540770416]]
[INFO] [1746505989.214736]: ---------------------------------------------------
[INFO] [1746505989.218284]: Marker ID: 7
[INFO] [1746505989.222651]: Front of Robot in World Frame: x=-0.405, y=1.317, phi=350.4°
[INFO] [1746505989.228065]: Covariance R(d=8.33): [[8028.651114412241, -6511.213433094743, 0.17622964346333359], [-6511.213433094743, 52859.82562890086, -1.1384476039556388], [0.17622964346333359, -1.1384476039556388, 0.0005870417157660061]]
[INFO] [1746505989.232637]: ---------------------------------------------------
[INFO] [1746505989.237011]: Marker ID: 9
[INFO] [1746505989.243702]: Front of Robot in World Frame: x=-0.365, y=-0.821, phi=4.5°
[INFO] [1746505989.259565]: Covariance R(d=10.28): [[-1946.414798239246, 4038.636875426091, -0.40754315379544687], [4038.636875426091, 62473.48575088673, -4.318681490421775], [-0.40754315379544687, -4.318681490421775, 0.0004565655259511458]]
[INFO] [1746505989.272226]: ---------------------------------------------------
[INFO] [1746505989.276570]: Marker ID: 11
[INFO] [1746505989.280129]: Front of Robot in World Frame: x=-0.690, y=0.233, phi=358.6°
[INFO] [1746505989.284039]: Covariance R(d=12.59): [[-21561.668005123407, 24534.52143868827, -1.5307938880187273], [24534.52143868827, 68599.13401352227, -10.020471232141132], [-1.5307938880187273, -10.020471232141132, 0.0001851389799985955]]
[INFO] [1746505989.288527]: ---------------------------------------------------
[INFO] [1746505989.409917]: --- Received ArUco Marker ---
[INFO] [1746505989.414048]: Marker ID: 1
[INFO] [1746505989.418982]: Front of Robot in World Frame: x=0.000, y=0.008, phi=359.5°
[INFO] [1746505989.422924]: Covariance R(d=2.06): [[100.0, 1309.6020402273352, -0.19960716876264414], [1309.6020402273352, 100.0, -1.0027344475741846], [-0.19960716876264414, -1.0027344475741846, 0.0003964673765352795]]
[INFO] [1746505989.427667]: ---------------------------------------------------
[INFO] [1746505989.434076]: Marker ID: 3
[INFO] [1746505989.440458]: Front of Robot in World Frame: x=0.202, y=-0.113, phi=1.3°
[INFO] [1746505989.467555]: Covariance R(d=3.97): [[8607.557798355248, -7820.469915396935, 0.2790617084433623], [-7820.469915396935, 100.0, 0.5870456721396013], [0.2790617084433623, 0.5870456721396013, 0.0005531406496477138]]
[INFO] [1746505989.472475]: ---------------------------------------------------
[INFO] [1746505989.480216]: Marker ID: 5
[INFO] [1746505989.490791]: Front of Robot in World Frame: x=-0.214, y=-0.288, phi=2.6°
[INFO] [1746505989.504299]: Covariance R(d=6.17): [[12069.273420724558, -11009.25555037305, 0.4349182823021086], [-11009.25555037305, 37468.98330324638, 0.6463073741491739], [0.4349182823021086, 0.6463073741491739, 0.0006265301231103719]]
[INFO] [1746505989.513435]: ---------------------------------------------------
[INFO] [1746505989.520140]: Marker ID: 7
[INFO] [1746505989.532174]: Front of Robot in World Frame: x=-0.394, y=0.276, phi=357.6°
[INFO] [1746505989.547796]: Covariance R(d=8.37): [[7886.747978798208, -6359.230364992585, 0.16773673887147802], [-6359.230364992585, 53094.00943829918, -1.1878965088882283], [0.16773673887147802, -1.1878965088882283, 0.0005852988346942306]]
[INFO] [1746505989.574670]: ---------------------------------------------------
[INFO] [1746505989.579270]: Marker ID: 9
[INFO] [1746505989.585314]: Front of Robot in World Frame: x=-0.356, y=-0.465, phi=2.5°
[INFO] [1746505989.590096]: Covariance R(d=10.27): [[-1873.9140118474163, 3962.494012364842, -0.4033531591329713], [3962.494012364842, 62431.02724070739, -4.296750966449007], [-0.4033531591329713, -4.296750966449007, 0.0004575457214391069]]
[INFO] [1746505989.602950]: ---------------------------------------------------
[INFO] [1746505989.610644]: Marker ID: 11
[INFO] [1746505989.626416]: Front of Robot in World Frame: x=-0.090, y=0.520, phi=357.2°
[INFO] [1746505989.631443]: Covariance R(d=12.00): [[-15748.690261378013, 18476.105516245818, -1.1994557168301228], [18476.105516245818, 67579.11593148793, -8.365095747300142], [-1.1994557168301228, -8.365095747300142, 0.00026650069264308197]]
1161.112183, Right: 845.304199[0m
[0m[ INFO] [1746505989.493613368]: Target - x: 120.000000, y: 0.000000, phi: 0.000000[0m
[0m[ INFO] [1746505989.493955584]: Current - x: -0.384977, y: 79.796616, phi: -3.604498[0m
[0m[ INFO] [1746505989.494001762]: Error - x: 120.384979, y: -79.796616[0m
[0m[ INFO] [1746505989.494035458]: error_y: -79.796616[0m
[0m[ INFO] [1746505989.494067107]: integral_error_y: -80.482666[0m
[0m[ INFO] [1746505989.494097188]: w: -407.031372[0m
[0m[ INFO] [1746505989.494197030]: Publishing motor command - Left: 1104.494995, Right: 901.921387[0m
[0m[ INFO] [1746505989.533232635]: Target - x: 150.000000, y: 0.000000, phi: 0.000000[0m
[0m[ INFO] [1746505989.533335902]: Current - x: -0.384977, y: 79.796616, phi: -3.604498[0m
[0m[ INFO] [1746505989.533407679]: Error - x: 150.384979, y: -79.796616[0m
[0m[ INFO] [1746505989.533463777]: error_y: -79.796616[0m
[0m[ INFO] [1746505989.533527394]: integral_error_y: -88.462326[0m
[0m[ INFO] [1746505989.533589123]: w: -407.829315[0m
[0m[ INFO] [1746505989.533637349]: Publishing motor command - Left: 1354.693481, Right: 1151.722778[0m
[0m[ INFO] [1746505989.552897449]: Target - x: 150.000000, y: 0.000000, phi: 0.000000[0m
[0m[ INFO] [1746505989.553017292]: Current - x: -0.384977, y: 79.796616, phi: -3.604498[0m
[0m[ INFO] [1746505989.553057517]: Error - x: 150.384979, y: -79.796616[0m
[0m[ INFO] [1746505989.553090638]: error_y: -79.796616[0m
[0m[ INFO] [1746505989.553119822]: integral_error_y: -96.441986[0m
[0m[ INFO] [1746505989.553148911]: w: -408.627289[0m
[0m[ INFO] [1746505989.553184080]: Publishing motor command - Left: 1354.892090, Right: 1151.524292[0m
[0m[ INFO] [1746505989.609479194]: Target - x: 150.000000, y: 0.000000, phi: 0.000000[0m
[0m[ INFO] [1746505989.609562396]: Current - x: -0.394060, y: 82.227852, phi: -2.952500[0m
[0m[ INFO] [1746505989.609601853]: Error - x: 150.394058, y: -82.227852[0m
[0m[ INFO] [1746505989.609635966]: error_y: -82.227852[0m
[0m[ INFO] [1746505989.609669023]: integral_error_y: -100.000000[0m
[0m[ INFO] [1746505989.609725504]: w: -907.386475[0m
[0m[ INFO] [1746505989.609803970]: Publishing motor command - Left: 1479.080200, Right: 1027.487427[0m
[0m[ INFO] [1746505989.623607558]: Target - x: 150.000000, y: 0.000000, phi: 0.000000[0m
[0m[ INFO] [1746505989.623703048]: Current - x: -0.456576, y: 111.537582, phi: 1.605248[0m
[0m[ INFO] [1746505989.623741737]: Error - x: 150.456573, y: -111.537582[0m
[0m[ INFO] [1746505989.623797995]: error_y: -111.537582[0m
[0m[ INFO] [1746505989.623846412]: integral_error_y: -100.000000[0m
[0m[ INFO] [1746505989.623887213]: w: -6429.633789[0m
[0m[ INFO] [1746505989.623938094]: Publishing motor command - Left: 2853.771729, Right: -346.162201[0m
[0m[ INFO] [1746505989.627694886]: Target - x: 180.000000, y: 0.000000, phi: 0.000000[0m
[0m[ INFO] [1746505989.627779496]: Current - x: 0.744112, y: 111.466431, phi: 2.031630[0m
[0m[ INFO] [1746505989.627827241]: Error - x: 179.255890, y: -111.466431[0m
[0m[ INFO] [1746505989.627861034]: error_y: -111.466431[0m
[0m[ INFO] [1746505989.627891563]: integral_error_y: -100.000000[0m
[0m[ INFO] [1746505989.627920747]: w: -553.101807[0m
[0m[ INFO] [1746505989.627954028]: Publishing motor command - Left: 1631.434448, Right: 1356.163818[0m
[0m[ INFO] [1746505989.671065569]: Target - x: 180.000000, y: 0.000000, phi: 0.000000[0m
[0m[ INFO] [1746505989.671156739]: Current - x: 0.753097, y: 108.751991, phi: -2.219668[0m
[0m[ INFO] [1746505989.671195236]: Error - x: 179.246902, y: -108.751991[0m
[0m[ INFO] [1746505989.671252645]: error_y: -108.751991[0m
[0m[ INFO] [1746505989.671288038]: integral_error_y: -100.000000[0m
[0m[ INFO] [1746505989.671319463]: w: -10.872070[0m
[0m[ INFO] [1746505989.671359240]: Publishing motor command - Left: 1496.429565, Right: 1491.018677[0m
[0m[ INFO] [1746505989.730515253]: Target - x: 210.000000, y: 0.000000, phi: 0.000000[0m
[0m[ INFO] [1746505989.730616568]: Current - x: 2.250111, y: 117.940750, phi: -5.566267[0m
[0m[ INFO] [1746505989.730691769]: Error - x: 207.749893, y: -117.940750[0m
[0m[ INFO] [1746505989.730869598]: error_y: -117.940750[0m
[0m[ INFO] [1746505989.730906462]: integral_error_y: -100.000000[0m
[0m[ INFO] [1746505989.730942047]: w: -2437.455566[0m
[0m[ INFO] [1746505989.730976928]: Publishing motor command - Left: 2337.791992, Right: 1124.706421[0m
[0m[ INFO] [1746505989.747265375]: Target - x: 210.000000, y: 0.000000, phi: 0.000000[0m
[0m[ INFO] [1746505989.747360481]: Current - x: 2.250111, y: 117.940750, phi: -5.566267[0m
[0m[ INFO] [1746505989.747399490]: Error - x: 207.749893, y: -117.940750[0m
[0m[ INFO] [1746505989.747436515]: error_y: -117.940750[0m
[0m[ INFO] [1746505989.747467203]: integral_error_y: -100.000000[0m
[0m[ INFO] [1746505989.747497060]: w: -599.703735[0m
[0m[ INFO] [1746505989.747529765]: Publishing motor command - Left: 1880.480957, Right: 1582.017456[0m
[0m[ INFO] [1746505989.788252450]: Target - x: 210.000000, y: 0.000000, phi: 0.000000[0m
[0m[ INFO] [1746505989.788367780]: Current - x: 2.262519, y: 113.888184, phi: 1.615319[0m
[0m[ INFO] [1746505989.788434534]: Error - x: 207.737488, y: -113.888184[0m
[0m[ INFO] [1746505989.788478407]: error_y: -113.888184[0m
[0m[ INFO] [1746505989.788512712]: integral_error_y: -100.000000[0m
[0m[ INFO] [1746505989.788543496]: w: 231.072388[0m
[0m[ INFO] [1746505989.788576617]: Publishing motor command - Left: 1673.645020, Right: 1788.646362[0m
[0m[ INFO] [1746505989.839343890]: Target - x: 240.000000, y: 0.000000, phi: 0.000000[0m
[0m[ INFO] [1746505989.839436628]: Current - x: 5.474432, y: 113.757545, phi: 1.396439[0m
[0m[ INFO] [1746505989.839475381]: Error - x: 234.525574, y: -113.757545[0m
[0m[ INFO] [1746505989.839508086]: error_y: -113.757545[0m
[0m[ INFO] [1746505989.839537974]: integral_error_y: -100.000000[0m
[0m[ INFO] [1746505989.839568343]: w: -552.660095[0m
[0m[ INFO] [1746505989.839605752]: Publishing motor command - Left: 2091.905029, Right: 1816.854370[0m
[0m[ INFO] [1746505989.844367496]: Target - x: 240.000000, y: 0.000000, phi: 0.000000[0m
[0m[ INFO] [1746505989.844444490]: Current - x: 5.470290, y: 111.552765, phi: 0.850982[0m
[0m[ INFO] [1746505989.844513387]: Error - x: 234.529709, y: -111.552765[0m
[0m[ INFO] [1746505989.844550860]: error_y: -111.552765[0m
[0m[ INFO] [1746505989.844581101]: integral_error_y: -100.000000[0m
[0m[ INFO] [1746505989.844610317]: w: -126.807678[0m
[0m[ INFO] [1746505989.844643662]: Publishing motor command - Left: 1985.969360, Right: 1922.859009[0m
[0m[ INFO] [1746505989.881629075]: Target - x: 240.000000, y: 0.000000, phi: 0.000000[0m
[0m[ INFO] [1746505989.881745302]: Current - x: 5.470290, y: 111.552765, phi: 0.850982[0m
[0m[ INFO] [1746505989.881783543]: Error - x: 234.529709, y: -111.552765[0m
[0m[ INFO] [1746505989.881816567]: error_y: -111.552765[0m
[0m[ INFO] [1746505989.881869945]: integral_error_y: -100.000000[0m
[0m[ INFO] [1746505989.881903449]: w: -567.763794[0m
[0m[ INFO] [1746505989.881950779]: Publishing motor command - Left: 2095.697998, Right: 1813.130371[0m
[0m[ INFO] [1746505989.927483848]: Target - x: 270.000000, y: 0.000000, phi: 0.000000[0m
[0m[ INFO] [1746505989.927600523]: Current - x: 5.320402, y: 174.210373, phi: 5.232480[0m
[0m[ INFO] [1746505989.927641356]: Error - x: 264.679596, y: -174.210373[0m
[0m[ INFO] [1746505989.927692749]: error_y: -174.210373[0m
[0m[ INFO] [1746505989.927739118]: integral_error_y: -100.000000[0m
[0m[ INFO] [1746505989.927771087]: w: -13412.573242[0m
[0m[ INFO] [1746505989.927807408]: Publishing motor command - Left: 5543.283203, Right: -1131.956543[0m
[0m[ INFO] [1746505989.933999425]: Target - x: 270.000000, y: 0.000000, phi: 0.000000[0m
[0m[ INFO] [1746505989.934084323]: Current - x: 10.744409, y: 174.337601, phi: 4.689173[0m
[0m[ INFO] [1746505989.934195782]: Error - x: 259.255585, y: -174.337601[0m
[0m[ INFO] [1746505989.934294888]: error_y: -174.337601[0m
[0m[ INFO] [1746505989.934332745]: integral_error_y: -100.000000[0m
[0m[ INFO] [1746505989.934374314]: w: -907.133545[0m
[0m[ INFO] [1746505989.934545934]: Publishing motor command - Left: 2386.196533, Right: 1934.729858[0m
[0m[ INFO] [1746505989.984501283]: Target - x: 270.000000, y: 0.000000, phi: 0.000000[0m
[0m[ INFO] [1746505989.984587173]: Current - x: 10.775996, y: 165.690826, phi: -5.134910[0m
[0m[ INFO] [1746505989.984631431]: Error - x: 259.223999, y: -165.690826[0m
[0m[ INFO] [1746505989.984665223]: error_y: -165.690826[0m
[0m[ INFO] [1746505989.985172883]: integral_error_y: -100.000000[0m
[0m[ INFO] [1746505989.985241205]: w: 890.900757[0m
[0m[ INFO] [1746505989.985333015]: Publishing motor command - Left: 1938.505981, Right: 2381.894043[0m
[0m[ INFO] [1746505990.006499848]: Target - x: 270.000000, y: 0.000000, phi: 0.000000[0m
[0m[ INFO] [1746505990.006591338]: Current - x: 10.574369, y: 172.532181, phi: -8.848893[0m
[0m[ INFO] [1746505990.006634891]: Error - x: 259.425629, y: -172.532181[0m
[0m[ INFO] [1746505990.006678764]: error_y: -172.532181[0m
[0m[ INFO] [1746505990.006720877]: integral_error_y: -100.000000[0m
[0m[ INFO] [1746505990.006753550]: w: -2240.931641[0m
[0m[ INFO] [1746505990.006802863]: Publishing motor command - Left: 2719.519531, Right: 1604.240845[0m
[0m[ INFO] [1746505990.027508373]: Target - x: 300.000000, y: 0.000000, phi: 0.000000[0m
[0m[ INFO] [1746505990.027611384]: Current - x: 18.010368, y: 172.579376, phi: -9.823373[0m
[0m[ INFO] [1746505990.027653753]: Error - x: 281.989624, y: -172.579376[0m
[0m[ INFO] [1746505990.027687385]: error_y: -172.579376[0m
[0m[ INFO] [1746505990.027747323]: integral_error_y: -100.000000[0m
[0m[ INFO] [1746505990.027785180]: w: -882.335938[0m
[0m[ INFO] [1746505990.027848189]: Publishing motor command - Left: 2569.476318, Right: 2130.350830[0m
[0m[ INFO] [1746505990.032969269]: Target - x: 300.000000, y: 0.000000, phi: 0.000000[0m
[0m[ INFO] [1746505990.033065816]: Current - x: 18.010368, y: 172.579376, phi: -9.823373[0m
[0m[ INFO] [1746505990.033112793]: Error - x: 281.989624, y: -172.579376[0m
[0m[ INFO] [1746505990.033178842]: error_y: -172.579376[0m
[0m[ INFO] [1746505990.033214619]: integral_error_y: -100.000000[0m
[0m[ INFO] [1746505990.033265948]: w: -872.896851[0m
[0m[ INFO] [1746505990.033304061]: Publishing motor command - Left: 2567.127441, Right: 2132.699707[0m
[0m[ INFO] [1746505990.065329965]: Target - x: 300.000000, y: 0.000000, phi: 0.000000[0m
[0m[ INFO] [1746505990.065439119]: Current - x: 18.010368, y: 172.579376, phi: -9.823373[0m
[0m[ INFO] [1746505990.065480592]: Error - x: 281.989624, y: -172.579376[0m
[0m[ INFO] [1746505990.065521521]: error_y: -172.579376[0m
[0m[ INFO] [1746505990.065567122]: integral_error_y: -100.000000[0m
[0m[ INFO] [1746505990.065600339]: w: -872.896851[0m
[0m[ INFO] [1746505990.065634228]: Publishing motor command - Left: 2567.127441, Right: 2132.699707[0m
[0m[ INFO] [1746505990.094576219]: Target - x: 300.000000, y: 0.000000, phi: 0.000000[0m
[0m[ INFO] [1746505990.094723967]: Current - x: 18.010368, y: 172.579376, phi: -9.823373[0m
[0m[ INFO] [1746505990.094823265]: Error - x: 281.989624, y: -172.579376[0m
[0m[ INFO] [1746505990.094860386]: error_y: -172.579376[0m
[0m[ INFO] [1746505990.094926436]: integral_error_y: -100.000000[0m
[0m[ INFO] [1746505990.094973285]: w: -872.896851[0m
[0m[ INFO] [1746505990.095024934]: Publishing motor command - Left: 2567.127441, Right: 2132.699707[0m
[0m[ INFO] [1746505990.132132173]: Target - x: 330.000000, y: 0.000000, phi: 0.000000[0m
[0m[ INFO] [1746505990.132236783]: Current - x: 26.538567, y: 171.193542, phi: -10.585560[0m
[0m[ INFO] [1746505990.132278128]: Error - x: 303.461426, y: -171.193542[0m
[0m[ INFO] [1746505990.132312785]: error_y: -171.193542[0m
[0m[ INFO] [1746505990.132359218]: integral_error_y: -100.000000[0m
[0m[ INFO] [1746505990.132392979]: w: -588.800964[0m
[0m[ INFO] [1746505990.132454964]: Publishing motor command - Left: 2675.364014, Right: 2382.326416[0m
[0m[ INFO] [1746505990.135365017]: Target - x: 330.000000, y: 0.000000, phi: 0.000000[0m
[0[INFO] [1746505989.640412]: ---------------------------------------------------
[INFO] [1746505989.658713]: --- Received ArUco Marker ---
[INFO] [1746505989.665929]: Marker ID: 1
[INFO] [1746505989.673572]: Front of Robot in World Frame: x=0.001, y=0.012, phi=359.4°
[INFO] [1746505989.678311]: Covariance R(d=2.06): [[100.0, 1307.8436770265212, -0.19951431796807573], [1307.8436770265212, 100.0, -1.0023991968750356], [-0.19951431796807573, -1.0023991968750356, 0.0003964964558934519]]
[INFO] [1746505989.682803]: ---------------------------------------------------
[INFO] [1746505989.689723]: Marker ID: 3
[INFO] [1746505989.711391]: Front of Robot in World Frame: x=0.196, y=-0.119, phi=1.4°
[INFO] [1746505989.717197]: Covariance R(d=3.98): [[8630.68652125451, -7843.0414624938785, 0.28022830961962725], [-7843.0414624938785, 100.0, 0.5902412911849971], [0.28022830961962725, 0.5902412911849971, 0.000553555634071352]]
[INFO] [1746505989.722789]: ---------------------------------------------------
[INFO] [1746505989.730249]: Marker ID: 5
[INFO] [1746505989.736250]: Front of Robot in World Frame: x=-0.189, y=0.018, phi=359.8°
[INFO] [1746505989.742774]: Covariance R(d=6.17): [[12069.618600944916, -11009.951285252739, 0.4349711956165164], [-11009.951285252739, 37451.724167708555, 0.6471484655660494], [0.4349711956165164, 0.6471484655660494, 0.0006265149625209303]]
[INFO] [1746505989.749930]: ---------------------------------------------------
[INFO] [1746505989.756292]: Marker ID: 7
[INFO] [1746505989.761368]: Front of Robot in World Frame: x=-0.414, y=0.426, phi=356.6°
[INFO] [1746505989.772410]: Covariance R(d=8.38): [[7871.963726025825, -6343.402256560278, 0.16685252710512527], [-6343.402256560278, 53118.084106737064, -1.1930343802565466], [0.16685252710512527, -1.1930343802565466, 0.0005851168752123968]]
[INFO] [1746505989.783602]: ---------------------------------------------------
[INFO] [1746505989.788819]: Marker ID: 9
[INFO] [1746505989.796033]: Front of Robot in World Frame: x=-0.375, y=-0.734, phi=4.0°
[INFO] [1746505989.801231]: Covariance R(d=10.29): [[-2001.5714041718425, 4096.56117697682, -0.41073048028573134], [4096.56117697682, 62505.62852529071, -4.335358785185884], [-0.41073048028573134, -4.335358785185884, 0.00045581963592454744]]
[INFO] [1746505989.806652]: ---------------------------------------------------
[INFO] [1746505989.812921]: Marker ID: 11
[INFO] [1746505989.818773]: Front of Robot in World Frame: x=-0.361, y=1.354, phi=353.4°
[INFO] [1746505989.823891]: Covariance R(d=12.34): [[-18973.34517318182, 21838.041283123817, -1.383371774506393], [21838.041283123817, 68202.69658250436, -9.285882232833577], [-1.383371774506393, -9.285882232833577, 0.00022143372569654777]]
[INFO] [1746505989.829978]: ---------------------------------------------------
[INFO] [1746505989.837205]: --- Received ArUco Marker ---
[INFO] [1746505989.846061]: Marker ID: 1
[INFO] [1746505989.853757]: Front of Robot in World Frame: x=-0.014, y=-0.013, phi=0.2°
