[0m[ INFO] [1746507920.310606935]: Target - x: 0.000000, y: 0.000000, phi: 0.000000[0m
[0m[ INFO] [1746507920.314228723]: Current - x: 0.000000, y: 0.000000, phi: 0.000000[0m
[0m[ INFO] [1746507920.314331989]: Error - x: 0.000000, y: 0.000000[0m
[0m[ INFO] [1746507920.314375477]: Publishing motor command - Left: 0.000000, Right: 0.000000[0m
[0m[ INFO] [1746507920.314463031]: Target reached: x=0.00, y=0.00, phi=0.00[0m
[0m[ INFO] [1746507920.409623874]: Target - x: 0.000000, y: 0.000000, phi: 0.000000[0m
[0m[ INFO] [1746507920.409712964]: Current - x: 0.000000, y: 0.000000, phi: 0.000000[0m
[0m[ INFO] [1746507920.409750692]: Error - x: 0.000000, y: 0.000000[0m
[0m[ INFO] [1746507920.409910343]: Publishing motor command - Left: 0.000000, Right: 0.000000[0m
[0m[ INFO] [1746507920.409996584]: Target reached: x=0.00, y=0.00, phi=0.00[0m
[0m[ INFO] [1746507920.509887970]: Target - x: 0.000000, y: 0.000000, phi: 0.000000[0m
[0m[ INFO] [1746507920.510013540]: Current - x: 0.000000, y: 0.000000, phi: 0.000000[0m
[0m[ INFO] [1746507920.510057189]: Error - x: 0.000000, y: 0.000000[0m
[0m[ INFO] [1746507920.510093990]: Publishing motor command - Left: 0.000000, Right: 0.000000[0m
[0m[ INFO] [1746507920.510655119]: Target reached: x=0.00, y=0.00, phi=0.00[0m
[0m[ INFO] [1746507920.610462215]: Target - x: 0.000000, y: 0.000000, phi: 0.000000[0m
[0m[ INFO] [1746507920.610572393]: Current - x: 0.000000, y: 0.000000, phi: 0.000000[0m
[0m[ INFO] [1746507920.610676619]: Error - x: 0.000000, y: 0.000000[0m
[0m[ INFO] [1746507920.610760396]: Publishing motor command - Left: 0.000000, Right: 0.000000[0m
[0m[ INFO] [1746507920.610876334]: Target reached: x=0.00, y=0.00, phi=0.00[0m
[0m[ INFO] [1746507920.713090799]: Target - x: 0.000000, y: 0.000000, phi: 0.000000[0m
[0m[ INFO] [1746507920.713378611]: Current - x: 0.000000, y: 0.000000, phi: 0.000000[0m
[0m[ INFO] [1746507920.713663768]: Error - x: 0.000000, y: 0.000000[0m
[0m[ INFO] [1746507920.713875516]: Publishing motor command - Left: 0.000000, Right: 0.000000[0m
[0m[ INFO] [1746507920.714406053]: Target reached: x=0.00, y=0.00, phi=0.00[0m
[0m[ INFO] [1746507920.809823508]: Target - x: 0.000000, y: 0.000000, phi: 0.000000[0m
[0m[ INFO] [1746507920.809976535]: Current - x: 0.000000, y: 0.000000, phi: 0.000000[0m
[0m[ INFO] [1746507920.810021143]: Error - x: 0.000000, y: 0.000000[0m
[0m[ INFO] [1746507920.810081752]: Publishing motor command - Left: 0.000000, Right: 0.000000[0m
[0m[ INFO] [1746507920.810222875]: Target reached: x=0.00, y=0.00, phi=0.00[0m
[0m[ INFO] [1746507920.917001863]: Target - x: 0.000000, y: 0.000000, phi: 0.000000[0m
[0m[ INFO] [1746507920.917304204]: Current - x: 0.000000, y: 0.000000, phi: 0.000000[0m
[0m[ INFO] [1746507920.917495119]: Error - x: 0.000000, y: 0.000000[0m
[0m[ INFO] [1746507920.917563312]: Publishing motor command - Left: 0.000000, Right: 0.000000[0m
[0m[ INFO] [1746507920.917758836]: Target reached: x=0.00, y=0.00, phi=0.00[0m
[0m[ INFO] [1746507921.018834209]: Target - x: 0.000000, y: 0.000000, phi: 0.000000[0m
[0m[ INFO] [1746507921.019306857]: Current - x: 0.000000, y: 0.000000, phi: 0.000000[0m
[0m[ INFO] [1746507921.019509740]: Error - x: 0.000000, y: 0.000000[0m
[0m[ INFO] [1746507921.019721296]: Publishing motor command - Left: 0.000000, Right: 0.000000[0m
[0m[ INFO] [1746507921.019995220]: Target reached: x=0.00, y=0.00, phi=0.00[0m
[0m[ INFO] [1746507921.111299007]: Target - x: 0.000000, y: 0.000000, phi: 0.000000[0m
[0m[ INFO] [1746507921.111418881]: Current - x: 0.000000, y: 0.000000, phi: 0.000000[0m
[0m[ INFO] [1746507921.111517091]: Error - x: 0.000000, y: 0.000000[0m
[0m[ INFO] [1746507921.111597444]: Publishing motor command - Left: 0.000000, Right: 0.000000[0m
[0m[ INFO] [1746507921.111734374]: Target reached: x=0.00, y=0.00, phi=0.00[0m
[0m[ INFO] [1746507921.210944500]: Target - x: 0.000000, y: 0.000000, phi: 0.000000[0m
[0m[ INFO] [1746507921.211118903]: Current - x: 0.000000, y: 0.000000, phi: 0.000000[0m
[0m[ INFO] [1746507921.211192600]: Error - x: 0.000000, y: 0.000000[0m
[0m[ INFO] [1746507921.211452285]: Publishing motor command - Left: 0.000000, Right: 0.000000[0m
[0m[ INFO] [1746507921.211544478]: Target reached: x=0.00, y=0.00, phi=0.00[0m
[0m[ INFO] [1746507921.319211897]: Target - x: 0.000000, y: 0.000000, phi: 0.000000[0m
[0m[ INFO] [1746507921.319526334]: Current - x: 0.000000, y: 0.000000, phi: 0.000000[0m
[0m[ INFO] [1746507921.319698689]: Error - x: 0.000000, y: 0.000000[0m
[0m[ INFO] [1746507921.319871235]: Publishing motor command - Left: 0.000000, Right: 0.000000[0m
[0m[ INFO] [1746507921.320124072]: Target reached: x=0.00, y=0.00, phi=0.00[0m
[0m[ INFO] [1746507921.413744505]: Target - x: 0.000000, y: 0.000000, phi: 0.000000[0m
[0m[ INFO] [1746507921.413855707]: Current - x: 0.000000, y: 0.000000, phi: 0.000000[0m
[0m[ INFO] [1746507921.413903900]: Error - x: 0.000000, y: 0.000000[0m
[0m[ INFO] [1746507921.413951100]: Publishing motor command - Left: 0.000000, Right: 0.000000[0m
[0m[ INFO] [1746507921.414611207]: Target reached: x=0.00, y=0.00, phi=0.00[0m
[0m[ INFO] [1746507921.509849171]: Target - x: 0.000000, y: 0.000000, phi: 0.000000[0m
[0m[ INFO] [1746507921.509962581]: Current - x: 0.000000, y: 0.000000, phi: 0.000000[0m
[0m[ INFO] [1746507921.510030102]: Error - x: 0.000000, y: 0.000000[0m
[0m[ INFO] [1746507921.510071831]: Publishing motor command - Left: 0.000000, Right: 0.000000[0m
[0m[ INFO] [1746507921.510229050]: Target reached: x=0.00, y=0.00, phi=0.00[0m
[0m[ INFO] [1746507921.616877443]: Target - x: 0.000000, y: 0.000000, phi: 0.000000[0m
[0m[ INFO] [1746507921.617333451]: Current - x: 0.000000, y: 0.000000, phi: 0.000000[0m
[0m[ INFO] [1746507921.617483021]: Error - x: 0.000000, y: 0.000000[0m
[0m[ INFO] [1746507921.617557102]: Publishing motor command - Left: 0.000000, Right: 0.000000[0m
[0m[ INFO] [1746507921.617736305]: Target reached: x=0.00, y=0.00, phi=0.00[0m
[0m[ INFO] [1746507921.709999372]: Target - x: 30.000000, y: 0.000000, phi: 0.000000[0m
[0m[ INFO] [1746507921.710095758]: Current - x: 0.000000, y: 0.000000, phi: 0.000000[0m
[0m[ INFO] [1746507921.710248368]: Error - x: 30.000000, y: 0.000000[0m
[0m[ INFO] [1746507921.710373074]: error_y: 0.000000[0m
[0m[ INFO] [1746507921.710434227]: integral_error_y: 0.000000[0m
[0m[ INFO] [1746507921.710495444]: w: 0.000000[0m
[0m[ INFO] [1746507921.710534389]: Publishing motor command - Left: 250.000000, Right: 250.000000[0m
[0m[ INFO] [1746507921.809734851]: Target - x: 60.000000, y: 0.000000, phi: 0.000000[0m
[0m[ INFO] [1746507921.809819972]: Current - x: 0.000000, y: 0.000000, phi: 0.000000[0m
[0m[ INFO] [1746507921.809890597]: Error - x: 60.000000, y: 0.000000[0m
[0m[ INFO] [1746507921.809956390]: error_y: 0.000000[0m
[0m[ INFO] [1746507921.810013671]: integral_error_y: 0.000000[0m
[0m[ INFO] [1746507921.810081672]: w: 0.000000[0m
[0m[ INFO] [1746507921.810179274]: Publishing motor command - Left: 500.000000, Right: 500.000000[0m
[0m[ INFO] [1746507921.838276060]: Target - x: 60.000000, y: 0.000000, phi: 0.000000[0m
[0m[ INFO] [1746507921.838378270]: Current - x: 0.045879, y: 0.997963, phi: 2.347974[0m
[0m[ INFO] [1746507921.838453823]: Error - x: 59.954121, y: -0.997963[0m
[0m[ INFO] [1746507921.838492064]: error_y: -0.997963[0m
[0m[ INFO] [1746507921.838522880]: integral_error_y: -0.099796[0m
[0m[ INFO] [1746507921.838553409]: w: -200.600632[0m
[0m[ INFO] [1746507921.838585153]: Publishing motor command - Left: 549.535645, Right: 449.699707[0m
[0m[ INFO] [1746507921.861789282]: Target - x: 60.000000, y: 0.000000, phi: 0.000000[0m
[0m[ INFO] [1746507921.861875428]: Current - x: 0.071210, y: 2.372881, phi: 2.191016[0m
[0m[ INFO] [1746507921.861918821]: Error - x: 59.928791, y: -2.372881[0m
[0m[ INFO] [1746507921.861952293]: error_y: -2.372881[0m
[0m[ INFO] [1746507921.861982630]: integral_error_y: -0.337084[0m
[0m[ INFO] [1746507921.862013062]: w: -277.390106[0m
[0m[ INFO] [1746507921.862044711]: Publishing motor command - Left: 568.433044, Right: 430.380096[0m
[0m[ INFO] [1746507921.890464446]: Target - x: 60.000000, y: 0.000000, phi: 0.000000[0m
[0m[ INFO] [1746507921.890551392]: Current - x: 0.070168, y: 4.279676, phi: 1.907570[0m
[0m[ INFO] [1746507921.890592608]: Error - x: 59.929832, y: -4.279676[0m
[0m[ INFO] [1746507921.890624577]: error_y: -4.279676[0m
[0m[ INFO] [1746507921.890654657]: integral_error_y: -0.765052[0m
[0m[ INFO] [1746507921.890683970]: w: -385.715271[0m
[0m[ INFO] [1746507921.890714850]: Publishing motor command - Left: 595.397705, Right: 403.432861[0m
[0m[ INFO] [1746507921.909929505]: Target - x: 90.000000, y: 0.000000, phi: 0.000000[0m
[0m[ INFO] [1746507921.910008642]: Current - x: 0.070168, y: 4.279676, phi: 1.907570[0m
[0m[ INFO] [1746507921.910048131]: Error - x: 89.929832, y: -4.279676[0m
[0m[ INFO] [1746507921.910085188]: error_y: -4.279676[0m
[0m[ INFO] [1746507921.910381545]: integral_error_y: -1.193020[0m
[0m[ INFO] [1746507921.910418473]: w: -4.398978[0m
[0m[ INFO] [1746507921.910456234]: Publishing motor command - Left: 750.509949, Right: 748.320618[0m
[0m[ INFO] [1746507921.924970139]: Target - x: 90.000000, y: 0.000000, phi: 0.000000[0m
[0m[ INFO] [1746507921.925075708]: Current - x: 0.083705, y: 31.890051, phi: -8.092430[0m
[0m[ INFO] [1746507921.925130045]: Error - x: 89.916298, y: -31.890051[0m
[0m[ INFO] [1746507921.925171614]: error_y: -31.890051[0m
[0m[ INFO] [1746507921.925206302]: integral_error_y: -4.382025[0m
[0m[ INFO] [1746507921.925239071]: w: -5554.403320[0m
[0m[ INFO] [1746507921.925273152]: Publishing motor command - Left: 2131.474609, Right: -632.869690[0m
[0m[ INFO] [1746507921.946678883]: Target - x: 90.000000, y: 0.000000, phi: 0.000000[0m
[0m[ INFO] [1746507921.946763204]: Current - x: 0.090931, y: 28.425047, phi: -2.547993[0m
[0m[ INFO] [1746507921.946803781]: Error - x: 89.909073, y: -28.425047[0m
[0m[ INFO] [1746507921.946838597]: error_y: -28.425047[0m
[0m[ INFO] [1746507921.946874054]: integral_error_y: -7.224529[0m
[0m[ INFO] [1746507921.946906503]: w: 663.853271[0m
[0m[ INFO] [1746507921.946939431]: Publishing motor command - Left: 584.047302, Right: 914.437256[0m
[0m[ INFO] [1746507921.967945316]: Target - x: 90.000000, y: 0.000000, phi: 0.000000[0m
[0m[ INFO] [1746507921.968028869]: Current - x: 0.054102, y: 34.531361, phi: -2.975989[0m
[0m[ INFO] [1746507921.968068934]: Error - x: 89.945900, y: -34.531361[0m
[0m[ INFO] [1746507921.968103878]: error_y: -34.531361[0m
[0m[ INFO] [1746507921.968170599]: integral_error_y: -10.677666[0m
[0m[ INFO] [1746507921.968210248]: w: -1256.861816[0m
[0m[ INFO] [1746507921.968252041]: Publishing motor command - Left: 1062.309937, Right: 436.788361[0m
[0m[ INFO] [1746507922.010376483]: Target - x: 120.000000, y: 0.000000, phi: 0.000000[0m
[0m[ INFO] [1746507922.010466981]: Current - x: 0.054102, y: 34.531361, phi: -2.975989[0m
[0m[ INFO] [1746507922.010504454]: Error - x: 119.945900, y: -34.531361[0m
[0m[ INFO] [1746507922.010535366]: error_y: -34.531361[0m
[0m[ INFO] [1746507922.010564647]: integral_error_y: -14.130802[0m
[0m[ INFO] [1746507922.010593063]: w: -35.944443[0m
[0m[ INFO] [1746507922.010654568]: Publishing motor command - Left: 1008.493652, Right: 990.604675[0m
[0m[ INFO] [1746507922.110216635]: Target - x: 150.000000, y: 0.000000, phi: 0.000000[0m
[0m[ INFO] [1746507922.110326045]: Current - x: 0.255223, y: 34.520718, phi: -3.083333[0m
[0m[ INFO] [1746507922.110367934]: Error - x: 149.744781, y: -34.520718[0m
[0m[ INFO] [1746507922.110411711]: error_y: -34.520718[0m
[0m[ INFO] [1746507922.110443551]: integral_error_y: -17.582874[0m
[0m[ INFO] [1746507922.110474720]: w: -34.150406[0m
[0m[ INFO] [1746507922.110506656]: Publishing motor command - Left: 1256.371216, Right: 1239.375122[0m
[0m[ INFO] [1746507922.150663674]: Target - x: 150.000000, y: 0.000000, phi: 0.000000[0m
[0m[ INFO] [1746507922.150756284]: Current - x: 0.275849, y: 35.691082, phi: 0.748547[0m
[0m[ INFO] [1746507922.150794492]: Error - x: 149.724152, y: -35.691082[0m
[0m[ INFO] [1746507922.150830205]: error_y: -35.691082[0m
[0m[ INFO] [1746507922.150995776]: integral_error_y: -21.151983[0m
[0m[ INFO] [1746507922.151031712]: w: -271.879150[0m
[0m[ INFO] [1746507922.151065121]: Publishing motor command - Left: 1315.356323, Right: 1180.046143[0m
[0m[ INFO] [1746507922.314788732]: Target - x: 210.000000, y: 0.000000, phi: 0.000000[0m
[0m[ INFO] [1746507922.314887102]: Current - x: 2.480740, y: 35.582584, phi: 1.066387[0m
[0m[ INFO] [1746507922.314959903]: Error - x: 207.519257, y: -35.582584[0m
[0m[ INFO] [1746507922.315024096]: error_y: -35.582584[0m
[0m[ INFO] [1746507922.315063073]: integral_error_y: -24.710241[0m
[0m[ INFO] [1746507922.315094881]: w: -16.354084[0m
[0m[ INFO] [1746507922.315129346]: Publishing motor command - Left: 1733.396851, Right: 1725.257446[0m
[0m[ INFO] [1746507922.315233571]: Target - x: 210.000000, y: 0.000000, phi: 0.000000[0m
[0m[ INFO] [1746507922.315297285]: Current - x: 5.090847, y: 35.619038, phi: 1.169540[0m
[0m[ INFO] [1746507922.315334981]: Error - x: 204.909149, y: -35.619038[0m
[0m[ INFO] [1746507922.315413318]: error_y: -35.619038[0m
[0m[ INFO] [1746507922.315445191]: integral_error_y: -28.272144[0m
[0m[ INFO] [1746507922.315474728]: w: -45.736900[0m
[0m[ INFO] [1746507922.315507400]: Publishing motor command - Left: 1718.957520, Right: 1696.194824[0m
[0m[ INFO] [1746507922.324310746]: Target - x: 210.000000, y: 0.000000, phi: 0.000000[0m
[0m[ INFO] [1746507922.324406108]: Current - x: 5.097222, y: 37.620667, phi: 11.169540[0m
[0m[ INFO] [1746507922.324471037]: Error - x: 204.902771, y: -37.620667[0m
[0m[ INFO] [1746507922.324533726]: error_y: -37.620667[0m
[0m[ INFO] [1746507922.324595423]: integral_error_y: -32.034210[0m
[0m[ INFO] [1746507922.324659008]: w: -441.149872[0m
[0m[ INFO] [1746507922.324710497]: Publishing motor command - Left: 1817.299927, Right: 1597.746216[0m
[0m[ INFO] [1746507922.349379866]: Target - x: 210.000000, y: 0.000000, phi: 0.000000[0m
[0m[ INFO] [1746507922.349463899]: Current - x: 5.093580, y: 36.862885, phi: 1.390220[0m
[0m[ INFO] [1746507922.349511932]: Error - x: 204.906418, y: -36.862885[0m
[0m[ INFO] [1746507922.349546141]: error_y: -36.862885[0m
[0m[ INFO] [1746507922.349607902]: integral_error_y: -35.720497[0m
[0m[ INFO] [1746507922.349643134]: w: 111.121460[0m
[0m[ INFO] [1746507922.349676255]: Publishing motor command - Left: 1679.901855, Right: 1735.205200[0m
[0m[ INFO] [1746507922.387471570]: Target - x: 210.000000, y: 0.000000, phi: 0.000000[0m
[0m[ INFO] [1746507922.387561139]: Current - x: 5.089015, y: 31.993275, phi: 2.028061[0m
[0m[ INFO] [1746507922.387631668]: Error - x: 204.910980, y: -31.993275[0m
[0m[ INFO] [1746507922.387666741]: error_y: -31.993275[0m
[0m[ INFO] [1746507922.387697141]: integral_error_y: -38.919823[0m
[0m[ INFO] [1746507922.387728758]: w: 938.036743[0m
[0m[ INFO] [1746507922.387760726]: Publishing motor command - Left: 1474.167969, Right: 1941.015015[0m
[0m[ INFO] [1746507922.409137497]: Target - x: 240.000000, y: 0.000000, phi: 0.000000[0m
[0m[ INFO] [1746507922.409216538]: Current - x: 5.080705, y: 25.315058, phi: -0.618472[0m
[0m[ INFO] [1746507922.409286907]: Error - x: 234.919296, y: -25.315058[0m
[0m[ INFO] [1746507922.409345404]: error_y: -25.315058[0m
[0m[ INFO] [1746507922.409398173]: integral_error_y: -41.451328[0m
[0m[ INFO] [1746507922.409430174]: w: 1306.183105[0m
[0m[ INFO] [1746507922.409467166]: Publishing motor command - Left: 1632.626831, Right: 2282.694824[0m
[0m[ INFO] [1746507922.410636274]: Target - x: 240.000000, y: 0.000000, phi: 0.000000[0m
[0m[ INFO] [1746507922.410707315]: Current - x: 8.292671, y: 25.362890, phi: -0.409173[0m
[0m[ INFO] [1746507922.410779764]: Error - x: 231.707336, y: -25.362890[0m
[0m[ INFO] [1746507922.410833749]: error_y: -25.362890[0m
[0m[ INFO] [1746507922.410888822]: integral_error_y: -43.987617[0m
[0m[ INFO] [1746507922.410925655]: w: -39.328152[0m
[0m[ INFO] [1746507922.410958263]: Publishing motor command - Left: 1940.681030, Right: 1921.108032[0m
[0m[ INFO] [1746507922.473867690]: Target - x: 240.000000, y: 0.000000, phi: 0.000000[0m
[0m[ INFO] [1746507922.473977772]: Current - x: 8.298822, y: 22.245676, phi: -3.057204[0m
[0m[ INFO] [1746507922.474039117]: Error - x: 231.701172, y: -22.245676[0m
[0m[ INFO] [1746507922.474072174]: error_y: -22.245676[0m
[0m[ INFO] [1746507922.474153647]: integral_error_y: -46.212185[0m
[0m[ INFO] [1746507922.474192592]: w: 596.575989[0m
[0m[ INFO] [1746507922.474225584]: Publishing motor command - Left: 1782.389648, Right: 2079.296631[0m
[0m[ INFO] [1746507922.510893040]: Target - x: 270.000000, y: 0.000000, phi: 0.000000[0m
[0m[ INFO] [1746507922.510977650]: Current - x: 14.318745, y: 22.469637, phi: -2.852097[0m
[0m[ INFO] [1746507922.511020051]: Error - x: 255.681259, y: -22.469637[0m
[0m[ INFO] [1746507922.511052307]: error_y: -22.469637[0m
[0m[ INFO] [1746507922.511081876]: integral_error_y: -48.459148[0m
[0m[ INFO] [1746507922.511113300]: w: -72.107727[0m
[0m[ INFO] [1746507922.511145205]: Publishing motor command - Left: 2148.620605, Right: 2112.733643[0m
[0m[ INFO] [1746507922.517339451]: Target - x: 270.000000, y: 0.000000, phi: 0.000000[0m
[0m[ INFO] [1746507922.517451645]: Current - x: 14.354904, y: 15.754147, phi: -12.852097[0m
[0m[ INFO] [1746507922.517492350]: Error - x: 255.645096, y: -15.754147[0m
[0m[ INFO] [1746507922.517525310]: error_y: -15.754147[0m
[0m[ INFO] [1746507922.517576607]: integral_error_y: -50.034561[0m
[0m[ INFO] [1746507922.517608576]: w: 1322.340576[0m
[0m[ INFO] [1746507922.517641024]: Publishing motor command - Left: 1801.321167, Right: 2459.430420[0m
[0m[ INFO] [1746507922.546195994]: Target - x: 270.000000, y: 0.000000, phi: 0.000000[0m
[0m[ INFO] [1746507922.546283611]: Current - x: 14.393356, y: 17.301886, phi: -2.852097[0m
[0m[ INFO] [1746507922.546325308]: Error - x: 255.606644, y: -17.301886[0m
[0m[ INFO] [1746507922.546358365]: error_y: -17.301886[0m
[0m[ INFO] [1746507922.546388605]: integral_error_y: -51.764751[0m
[0m[ INFO] [1746507922.546419742]: w: -332.026154[0m
[0m[ INFO] [1746507922.546451774]: Publishing motor command - Left: 2212.677490, Right: 2047.433105[0m
[0m[ INFO] [1746507922.595083397]: Target - x: 270.000000, y: 0.000000, phi: 0.000000[0m
[0m[ INFO] [1746507922.595175814]: Current - x: 14.382482, y: 17.676622, phi: -1.380318[0m
[0m[ INFO] [1746507922.595218407]: Error - x: 255.617523, y: -17.676622[0m
[0m[ INFO] [1746507922.595252200]: error_y: -17.676622[0m
[0m[ INFO] [1746507922.595282280]: integral_error_y: -53.532413[0m
[0m[ INFO] [1746507922.595314601]: w: -97.977219[0m
[0m[ INFO] [1746507922.595346921]: Publishing motor command - Left: 2154.526855, Right: 2105.765137[0m
[0m[ INFO] [1746507922.614327780]: Target - x: 300.000000, y: 0.000000, phi: 0.000000[0m
[0m[ INFO] [1746507922.614430758]: Current - x: 20.799706, y: 17.345369, phi: -1.175809[0m
[0m[ INFO] [1746507922.614476230]: Error - x: 279.200287, y: -17.345369[0m
[0m[ INFO] [1746507922.614543848]: error_y: -17.345369[0m
[0m[ INFO] [1746507922.614587208]: integral_error_y: -55.266949[0m
[0m[ INFO] [1746507922.614633961]: w: 43.378548[0m
[0m[ INFO] [1746507922.614670666]: Publishing motor command - Left: 2315.874756, Right: 2337.463623[0m
[0m[ INFO] [1746507922.623868354]: Target - x: 300.000000, y: 0.000000, phi: 0.000000[0m
[0m[ INFO] [1746507922.623954500]: Current - x: 20.731073, y: 47.345367, phi: -11.175809[0m
[0m[ INFO] [1746507922.624022853]: Error - x: 279.268921, y: -47.345367[0m
[0m[ INFO] [1746507922.624076966]: error_y: -47.345367[0m
[0m[ INFO] [1746507922.624113030]: integral_error_y: -60.001484[0m
[0m[ INFO] [1746507922.624172551]: w: -6053.344727[0m
[0m[ INFO] [1746507922.624210568]: Publishing motor command - Left: 3833.571045, Right: 820.910950[0m
[0m[ INFO] [1746507922.649562412]: Target - x: 300.000000, y: 0.000000, phi: 0.000000[0m
[0m[ INFO] [1746507922.649655886]: Current - x: 20.710016, y: 51.800556, phi: -1.175809[0m
[0m[ INFO] [1746507922.649695598]: Error - x: 279.289978, y: [INFO] [1746507921.796290]: --- Received ArUco Marker ---
[INFO] [1746507921.801471]: Marker ID: 1
[INFO] [1746507921.807088]: Front of Robot in World Frame: x=0.020, y=0.068, phi=359.3°
[INFO] [1746507921.812752]: Covariance R(d=2.06): [[100.0, 1307.4455216488047, -0.19949329329721618], [1307.4455216488047, 100.0, -1.0023232851931048], [-0.19949329329721618, -1.0023232851931048, 0.00039650304051804994]]
[INFO] [1746507921.817728]: ---------------------------------------------------
[INFO] [1746507921.822649]: Marker ID: 3
[INFO] [1746507921.827148]: Front of Robot in World Frame: x=-0.063, y=-0.179, phi=3.1°
[INFO] [1746507921.834439]: Covariance R(d=4.24): [[9447.402089877241, -8637.273526274046, 0.3211451761338253], [-8637.273526274046, 100.0, 0.6968747322679391], [0.3211451761338253, 0.6968747322679391, 0.0005683765824274952]]
[INFO] [1746507921.842227]: ---------------------------------------------------
[INFO] [1746507921.846480]: Marker ID: 5
[INFO] [1746507921.859706]: Front of Robot in World Frame: x=-0.162, y=0.058, phi=0.8°
[INFO] [1746507921.868632]: Covariance R(d=6.15): [[12072.852149743803, -11016.884527920947, 0.43550800678399526], [-11016.884527920947, 37268.761145899465, 0.6559468260088726], [0.43550800678399526, 0.6559468260088726, 0.0006263482010971262]]
[INFO] [1746507921.873152]: ---------------------------------------------------
[INFO] [1746507921.881829]: Marker ID: 7
[INFO] [1746507921.898043]: Front of Robot in World Frame: x=-0.317, y=2.389, phi=344.3°
[INFO] [1746507921.903839]: Covariance R(d=8.33): [[8040.847346951457, -6524.281251378772, 0.1769601065173363], [-6524.281251378772, 52839.4298716373, -1.13418600537575], [0.1769601065173363, -1.13418600537575, 0.0005871912004064941]]
[INFO] [1746507921.907889]: ---------------------------------------------------
[INFO] [1746507921.911792]: Marker ID: 9
[INFO] [1746507921.918364]: Front of Robot in World Frame: x=-0.417, y=0.092, phi=0.7°
[INFO] [1746507921.923538]: Covariance R(d=10.35): [[-2432.9968044940338, 4549.544502971792, -0.43565224103259764], [4549.544502971792, 62752.41063586284, -4.4656055908914905], [-0.43565224103259764, -4.4656055908914905, 0.0004499800279783659]]
[INFO] [1746507921.927344]: ---------------------------------------------------
[INFO] [1746507921.932627]: Marker ID: 11
[INFO] [1746507921.938328]: Front of Robot in World Frame: x=-0.315, y=-2.149, phi=11.0°
[INFO] [1746507921.945662]: Covariance R(d=12.40): [[-19640.28192948282, 22533.00952568292, -1.4213743060070754], [22533.00952568292, 68313.16222791687, -9.475523926857372], [-1.4213743060070754, -9.475523926857372, 0.00021209127349701358]]
[INFO] [1746507921.950516]: ---------------------------------------------------
[INFO] [1746507922.087929]: --- Received ArUco Marker ---
[INFO] [1746507922.094933]: Marker ID: 1
[INFO] [1746507922.100519]: Front of Robot in World Frame: x=0.017, y=0.063, phi=359.5°
[INFO] [1746507922.108050]: Covariance R(d=2.07): [[100.0, 1304.1114179102135, -0.19931723560548256], [1304.1114179102135, 100.0, -1.001687623052607], [-0.19931723560548256, -1.001687623052607, 0.0003965581798318667]]
[INFO] [1746507922.112661]: ---------------------------------------------------
[INFO] [1746507922.130882]: Marker ID: 3
[INFO] [1746507922.139029]: Front of Robot in World Frame: x=-0.059, y=-0.182, phi=3.1°
[INFO] [1746507922.143764]: Covariance R(d=4.24): [[9440.852178437317, -8630.928858849293, 0.32081949658156383], [-8630.928858849293, 100.0, 0.6960746679895262], [0.32081949658156383, 0.6960746679895262, 0.0005682562376587265]]
[INFO] [1746507922.148252]: ---------------------------------------------------
[INFO] [1746507922.157494]: Marker ID: 5
[INFO] [1746507922.163951]: Front of Robot in World Frame: x=-0.164, y=0.034, phi=1.0°
[INFO] [1746507922.313570]: Covariance R(d=6.15): [[12072.988753299283, -11017.199137205838, 0.4355328324510679], [-11017.199137205838, 37259.92044919698, 0.6563665149718969], [0.4355328324510679, 0.6563665149718969, 0.0006263398643539173]]
[INFO] [1746507922.327522]: ---------------------------------------------------
[INFO] [1746507922.332311]: Marker ID: 7
[INFO] [1746507922.339293]: Front of Robot in World Frame: x=-0.237, y=-0.283, phi=2.8°
[INFO] [1746507922.349551]: Covariance R(d=8.30): [[8155.117073593669, -6646.75874144325, 0.1838081279702784], [-6646.75874144325, 52646.2047952694, -1.0941658893426744], [0.1838081279702784, -1.0941658893426744, 0.000588589283434401]]
[INFO] [1746507922.359045]: ---------------------------------------------------
[INFO] [1746507922.369411]: Marker ID: 9
[INFO] [1746507922.381222]: Front of Robot in World Frame: x=-0.419, y=0.174, phi=0.3°
[INFO] [1746507922.385666]: Covariance R(d=10.36): [[-2486.517291841864, 4605.728378330981, -0.4387428242701417], [4605.728378330981, 62782.46309114532, -4.481739084285616], [-0.4387428242701417, -4.481739084285616, 0.00044925494188774727]]
[INFO] [1746507922.390306]: ---------------------------------------------------
[INFO] [1746507922.396019]: Marker ID: 11
[INFO] [1746507922.406235]: Front of Robot in World Frame: x=-0.490, y=0.598, phi=358.3°
[INFO] [1746507922.421417]: Covariance R(d=12.40): [[-19660.312291450253, 22553.879971521445, -1.4225154725979168], [22553.879971521445, 68316.38793403302, -9.481215535787229], [-1.4225154725979168, -9.481215535787229, 0.00021181058123853532]]
[INFO] [1746507922.430357]: ---------------------------------------------------
[INFO] [1746507922.449712]: --- Received ArUco Marker ---
[INFO] [1746507922.470156]: Marker ID: 1
[INFO] [1746507922.484683]: Front of Robot in World Frame: x=0.017, y=0.063, phi=359.5°
[INFO] [1746507922.489703]: Covariance R(d=2.07): [[100.0, 1304.413662237644, -0.19933319562672444], [1304.413662237644, 100.0, -1.0017452463696062], [-0.19933319562672444, -1.0017452463696062, 0.0003965531812880143]]
[INFO] [1746507922.497633]: ---------------------------------------------------
[INFO] [1746507922.503884]: Marker ID: 3
[INFO] [1746507922.520278]: Front of Robot in World Frame: x=-0.066, y=-0.171, phi=2.9°
[INFO] [1746507922.525810]: Covariance R(d=4.25): [[9451.144156550663, -8640.89812562128, 0.32133122134853237], [-8640.89812562128, 100.0, 0.6973313611535877], [0.32133122134853237, 0.6973313611535877, 0.0005684453496624256]]
[INFO] [1746507922.529979]: ---------------------------------------------------
[INFO] [1746507922.534662]: Marker ID: 5
[INFO] [1746507922.552578]: Front of Robot in World Frame: x=-0.148, y=0.141, phi=360.0°
[INFO] [1746507922.557735]: Covariance R(d=6.15): [[12073.394929363969, -11018.148726226877, 0.43560804697499256], [-11018.148726226877, 37232.91017934053, 0.6576456585021323], [0.43560804697499256, 0.6576456585021323, 0.000626314235041962]]
[INFO] [1746507922.565369]: ---------------------------------------------------
[INFO] [1746507922.572436]: Marker ID: 7
[INFO] [1746507922.578989]: Front of Robot in World Frame: x=-0.229, y=2.733, phi=341.9°
[INFO] [1746507922.584513]: Covariance R(d=8.30): [[8149.340219390545, -6640.56511374695, 0.18346174794232264], [-6640.56511374695, 52656.06706886296, -1.0961931422267734], [0.18346174794232264, -1.0961931422267734, 0.0005885187130943157]]
[INFO] [1746507922.589779]: ---------------------------------------------------
[INFO] [1746507922.595764]: Marker ID: 9
[INFO] [1746507922.602412]: Front of Robot in World Frame: x=-0.398, y=-0.070, phi=1.6°
[INFO] [1746507922.609821]: Covariance R(d=10.32): [[-2238.184031041812, 4345.016787489441, -0.4244006138362591], [4345.016787489441, 62641.98160615162, -4.406835339558918], [-0.4244006138362591, -4.406835339558918, 0.0004526181090826232]]
[INFO] [1746507922.620318]: ---------------------------------------------------
[INFO] [1746507922.627234]: Marker ID: 11
[INFO] [1746507922.633637]: Front of Robot in World Frame: x=-0.442, y=0.750, phi=357.6°
[INFO] [1746507922.664323]: Covariance R(d=12.36): [[-19259.271932450778, 22135.999913848278, -1.3996655008280325], [22135.999913848278, 68250.78764949973, -9.367216388529016], [-1.3996655008280325, -9.367216388529016, 0.00021742931436458454]]
[INFO] [1746507922.680354]: ---------------------------------------------------
-51.800556[0m
[0m[ INFO] [1746507922.649902130]: error_y: -51.800556[0m
[0m[ INFO] [1746507922.649936146]: integral_error_y: -65.181541[0m
[0m[ INFO] [1746507922.649966547]: w: -949.356384[0m
[0m[ INFO] [1746507922.649999316]: Publishing motor command - Left: 2563.656982, Right: 2091.176025[0m
[0m[ INFO] [1746507922.721689049]: Target - x: 330.000000, y: 0.000000, phi: 0.000000[0m
[0m[ INFO] [1746507922.721773178]: Current - x: 28.554735, y: 48.065090, phi: -0.754761[0m
[0m[ INFO] [1746507922.721812379]: Error - x: 301.445251, y: -48.065090[0m
[0m[ INFO] [1746507922.721867163]: error_y: -48.065090[0m
[0m[ INFO] [1746507922.721911452]: integral_error_y: -69.988052[0m
[0m[ INFO] [1746507922.721942877]: w: 692.029358[0m
[0m[ INFO] [1746507922.721975709]: Publishing motor command - Left: 2339.837402, Right: 2684.250244[0m
[0m[ INFO] [1746507922.725585913]: Target - x: 330.000000, y: 0.000000, phi: 0.000000[0m
[0m[ INFO] [1746507922.725665370]: Current - x: 28.554735, y: 48.065090, phi: -0.754761[0m
[0m[ INFO] [1746507922.725762172]: Error - x: 301.445251, y: -48.065090[0m
[0m[ INFO] [1746507922.725813437]: error_y: -48.065090[0m
[0m[ INFO] [1746507922.725846109]: integral_error_y: -74.794563[0m
[0m[ INFO] [1746507922.725887646]: w: -55.544548[0m
[0m[ INFO] [1746507922.725935263]: Publishing motor command - Left: 2525.865479, Right: 2498.221924[0m
[0m[ INFO] [1746507922.783031058]: Target - x: 330.000000, y: 0.000000, phi: 0.000000[0m
[0m[ INFO] [1746507922.783140212]: Current - x: 28.602783, y: 47.616959, phi: 0.505391[0m
[0m[ INFO] [1746507922.783202933]: Error - x: 301.397217, y: -47.616959[0m
[0m[ INFO] [1746507922.783273494]: error_y: -47.616959[0m
[0m[ INFO] [1746507922.783354807]: integral_error_y: -79.556259[0m
[0m[ INFO] [1746507922.783387608]: w: 34.053726[0m
[0m[ INFO] [1746507922.783433049]: Publishing motor command - Left: 2503.169678, Right: 2520.117432[0m
[0m[ INFO] [1746507922.811473706]: Target - x: 360.000000, y: 0.000000, phi: 0.000000[0m
[0m[ INFO] [1746507922.811564491]: Current - x: 39.441757, y: 29.200279, phi: 2.396193[0m
[0m[ INFO] [1746507922.811641260]: Error - x: 320.558228, y: -29.200279[0m
[0m[ INFO] [1746507922.811681325]: error_y: -29.200279[0m
[0m[ INFO] [1746507922.811714958]: integral_error_y: -82.476288[0m
[0m[ INFO] [1746507922.811748814]: w: 3645.888184[0m
[0m[ INFO] [1746507922.811783471]: Publishing motor command - Left: 1764.066040, Right: 3578.571045[0m
[0m[ INFO] [1746507922.836602122]: Target - x: 360.000000, y: 0.000000, phi: 0.000000[0m
[0m[ INFO] [1746507922.836692620]: Current - x: 39.441757, y: 29.200279, phi: 2.396193[0m
[0m[ INFO] [1746507922.836733068]: Error - x: 320.558228, y: -29.200279[0m
[0m[ INFO] [1746507922.836767181]: error_y: -29.200279[0m
[0m[ INFO] [1746507922.836799374]: integral_error_y: -85.396317[0m
[0m[ INFO] [1746507922.836831918]: w: -37.739910[0m
[0m[ INFO] [1746507922.836869295]: Publishing motor command - Left: 2680.709717, Right: 2661.927246[0m
[0m[ INFO] [1746507922.870665727]: Target - x: 360.000000, y: 0.000000, phi: 0.000000[0m
[0m[ INFO] [1746507922.870763073]: Current - x: 39.433720, y: 28.149405, phi: 1.793680[0m
[0m[ INFO] [1746507922.870803682]: Error - x: 320.566284, y: -28.149405[0m
[0m[ INFO] [1746507922.870838114]: error_y: -28.149405[0m
[0m[ INFO] [1746507922.870884643]: integral_error_y: -88.211258[0m
[0m[ INFO] [1746507922.870918499]: w: 173.204422[0m
[0m[ INFO] [1746507922.870951620]: Publishing motor command - Left: 2628.285156, Right: 2714.486328[0m
[0m[ INFO] [1746507922.911332482]: Target - x: 390.000000, y: 0.000000, phi: 0.000000[0m
[0m[ INFO] [1746507922.911422627]: Current - x: 39.419392, y: 29.311045, phi: 0.463178[0m
[0m[ INFO] [1746507922.911460516]: Error - x: 350.580597, y: -29.311045[0m
[0m[ INFO] [1746507922.911494020]: error_y: -29.311045[0m
[0m[ INFO] [1746507922.911549477]: integral_error_y: -91.142365[0m
[0m[ INFO] [1746507922.911582278]: w: -270.753296[0m
[0m[ INFO] [1746507922.911653831]: Publishing motor command - Left: 2988.879883, Right: 2854.129883[0m
[0m[ INFO] [1746507922.911908523]: Target - x: 390.000000, y: 0.000000, phi: 0.000000[0m
[0m[ INFO] [1746507922.911987693]: Current - x: 52.675674, y: 29.400925, phi: 0.229329[0m
[0m[ INFO] [1746507922.912026925]: Error - x: 337.324341, y: -29.400925[0m
[0m[ INFO] [1746507922.912058254]: error_y: -29.400925[0m
[0m[ INFO] [1746507922.912088526]: integral_error_y: -94.082458[0m
[0m[ INFO] [1746507922.912135887]: w: -56.785168[0m
[0m[ INFO] [1746507922.912170320]: Publishing motor command - Left: 2825.166748, Right: 2796.905518[0m
[0m[ INFO] [1746507922.956887477]: Target - x: 390.000000, y: 0.000000, phi: 0.000000[0m
[0m[ INFO] [1746507922.956980119]: Current - x: 53.113152, y: -0.599076, phi: -9.770672[0m
[0m[ INFO] [1746507922.957085369]: Error - x: 336.886841, y: 0.599076[0m
[0m[ INFO] [1746507922.957124601]: error_y: 0.599076[0m
[0m[ INFO] [1746507922.957167130]: integral_error_y: -94.022552[0m
[0m[ INFO] [1746507922.957205562]: w: 5991.196777[0m
[0m[ INFO] [1746507922.957241691]: Publishing motor command - Left: 1316.525269, Right: 4298.255371[0m
[0m[ INFO] [1746507923.008560654]: Target - x: 420.000000, y: 0.000000, phi: 0.000000[0m
[0m[ INFO] [1746507923.008669840]: Current - x: 53.279076, y: -22.053091, phi: -1.221527[0m
[0m[ INFO] [1746507923.008742609]: Error - x: 366.720917, y: 22.053091[0m
[0m[ INFO] [1746507923.008812050]: error_y: 22.053091[0m
[0m[ INFO] [1746507923.008873843]: integral_error_y: -91.817245[0m
[0m[ INFO] [1746507923.008906420]: w: 4303.674805[0m
[0m[ INFO] [1746507923.008942613]: Publishing motor command - Left: 1985.069824, Right: 4126.945312[0m
[0m[ INFO] [1746507923.020452211]: Target - x: 420.000000, y: 0.000000, phi: 0.000000[0m
[0m[ INFO] [1746507923.020571957]: Current - x: 68.137939, y: -21.646217, phi: -1.671861[0m
[0m[ INFO] [1746507923.020665879]: Error - x: 351.862061, y: 21.646217[0m
[0m[ INFO] [1746507923.020734392]: error_y: 21.646217[0m
[0m[ INFO] [1746507923.020769497]: integral_error_y: -89.652626[0m
[0m[ INFO] [1746507923.020819225]: w: -68.693787[0m
[0m[ INFO] [1746507923.020853818]: Publishing motor command - Left: 2949.278076, Right: 2915.089844[0m
[0m[ INFO] [1746507923.031376008]: Target - x: 420.000000, y: 0.000000, phi: 0.000000[0m
[0m[ INFO] [1746507923.031452650]: Current - x: 68.233078, y: -36.950603, phi: -11.671861[0m
[0m[ INFO] [1746507923.031491178]: Error - x: 351.766907, y: 36.950603[0m
[0m[ INFO] [1746507923.031540363]: error_y: 36.950603[0m
[0m[ INFO] [1746507923.031587244]: integral_error_y: -85.957565[0m
[0m[ INFO] [1746507923.031618956]: w: 3089.231934[0m
[0m[ INFO] [1746507923.032375257]: Publishing motor command - Left: 2162.658447, Right: 3700.123779[0m
[0m[ INFO] [1746507923.111592890]: Target - x: 450.000000, y: 0.000000, phi: 0.000000[0m
[0m[ INFO] [1746507923.111715292]: Current - x: 68.210960, y: -35.395714, phi: -1.671861[0m
[0m[ INFO] [1746507923.111780317]: Error - x: 381.789032, y: 35.395714[0m
[0m[ INFO] [1746507923.111828702]: error_y: 35.395714[0m
[0m[ INFO] [1746507923.111862111]: integral_error_y: -82.417992[0m
[0m[ INFO] [1746507923.111920416]: w: -283.824005[0m
[0m[ INFO] [1746507923.111959200]: Publishing motor command - Left: 3252.202881, Right: 3110.947510[0m
[0m[ INFO] [1746507923.115607677]: Target - x: 450.000000, y: 0.000000, phi: 0.000000[0m
[0m[ INFO] [1746507923.115694110]: Current - x: 85.036270, y: -38.280746, phi: -1.590264[0m
[0m[ INFO] [1746507923.115757215]: Error - x: 364.963745, y: 38.280746[0m
[0m[ INFO] [1746507923.115814720]: error_y: 38.280746[0m
[0m[ INFO] [1746507923.115847809]: integral_error_y: -78.589920[0m
[0m[ INFO] [1746507923.115902722]: w: 607.428284[0m
[0m[ INFO] [1746507923.115935234]: Publishing motor command - Left: 2890.210693, Right: 3192.518555[0m
[0m[ INFO] [1746507923.150548192]: Target - x: 450.000000, y: 0.000000, phi: 0.000000[0m
[0m[ INFO] [1746507923.150642402]: Current - x: 85.202484, y: -41.366459, phi: 8.409736[0m
[0m[ INFO] [1746507923.150[INFO] [1746507922.690331]: --- Received ArUco Marker ---
[INFO] [1746507922.721017]: Marker ID: 1
[INFO] [1746507922.733804]: Front of Robot in World Frame: x=0.024, y=0.090, phi=358.6°
[INFO] [1746507922.740294]: Covariance R(d=2.07): [[100.0, 1289.0249526416285, -0.19852059981674575], [1289.0249526416285, 100.0, -0.998811606949198], [-0.19852059981674575, -0.998811606949198, 0.00039680769019412304]]
[INFO] [1746507922.752536]: ---------------------------------------------------
[INFO] [1746507922.757526]: Marker ID: 3
[INFO] [1746507922.763052]: Front of Robot in World Frame: x=-0.084, y=-0.192, phi=3.1°
[INFO] [1746507922.768688]: Covariance R(d=4.27): [[9517.343095227143, -8704.993609977326, 0.32461993671750927], [-8704.993609977326, 19723.254750620075, 0.7053531850525754], [0.32461993671750927, 0.7053531850525754, 0.0005696633862152059]]
[INFO] [1746507922.773044]: ---------------------------------------------------
[INFO] [1746507922.777179]: Marker ID: 5
[INFO] [1746507922.783024]: Front of Robot in World Frame: x=-0.171, y=0.009, phi=1.2°
[INFO] [1746507922.788196]: Covariance R(d=6.15): [[12072.350717476495, -11015.748253640402, 0.43541871560032586], [-11015.748253640402, 37300.26243121304, 0.654447314335292], [0.43541871560032586, 0.654447314335292, 0.0006263776981581342]]
[INFO] [1746507922.792227]: ---------------------------------------------------
[INFO] [1746507922.797249]: Marker ID: 7
[INFO] [1746507922.804492]: Front of Robot in World Frame: x=-0.296, y=0.164, phi=359.6°
[INFO] [1746507922.811566]: Covariance R(d=8.29): [[8186.963383700195, -6680.906187467681, 0.185717985165738], [-6680.906187467681, 52591.65382624017, -1.0829822713413093], [0.185717985165738, -1.0829822713413093, 0.0005889781070701006]]
[INFO] [1746507922.818074]: ---------------------------------------------------
[INFO] [1746507922.822765]: Marker ID: 9
[INFO] [1746507922.828269]: Front of Robot in World Frame: x=-0.077, y=1.039, phi=355.3°
[INFO] [1746507922.856052]: Covariance R(d=10.12): [[-923.1573293073808, 2963.5310283856047, -0.3483626181477377], [2963.5310283856047, 61851.45580430351, -4.008175796351686], [-0.3483626181477377, -4.008175796351686, 0.00047037327162586026]]
[INFO] [1746507922.867276]: ---------------------------------------------------
[INFO] [1746507922.877533]: Marker ID: 11
[INFO] [1746507922.894587]: Front of Robot in World Frame: x=0.335, y=4.872, phi=338.1°
[INFO] [1746507922.906054]: Covariance R(d=12.55): [[-21126.03079648516, 24080.796596258115, -1.505992960000473], [24080.796596258115, 68538.35746573347, -9.897090384870282], [-1.505992960000473, -9.897090384870282, 0.0001912546141360695]]
[INFO] [1746507922.923025]: ---------------------------------------------------
[INFO] [1746507922.929610]: Marker ID: 17
[INFO] [1746507922.939910]: --- Received ArUco Marker ---
[INFO] [1746507922.946556]: Marker ID: 1
[INFO] [1746507922.952123]: Front of Robot in World Frame: x=-0.018, y=0.011, phi=1.1°
